-0.090277
-0.063323
-0.045445
-0.031580
-0.020042
-0.010042
-0.001141
0.006930
0.014348
0.021240
0.027696
0.033784
0.039558
0.045059
0.050322
0.055372
0.060235
0.064929
0.069471
0.073874
0.078151
0.082313
0.086368
0.090324
0.094189
0.097970
0.101671
0.105299
0.108858
0.112353
0.115787
0.119162
0.122485
0.125756
0.128978
0.132155
0.135288
0.138379
0.141430
0.144443
0.147422
0.150365
0.153276
0.156154
0.159002
0.161823
0.164615
0.167380
0.170117
0.172832
0.175521
0.178187
0.180830
0.183452
0.186051
0.188633
0.191196
0.193739
0.196267
0.198773
0.206189
0.213458
0.220590
0.227596
0.234485
0.241261
0.247937
0.254496
0.260966
0.267341
0.279800
0.291923
0.303744
0.315257
0.326477
0.337377
0.347929
0.358336
0.368483
0.378116
0.387653
0.396991
0.406150
0.415052
0.423489
0.432122
0.440663
0.448470
0.456475
0.463655
0.475686
0.484126
0.492125
0.503352
0.551597
0.58
0.65
0.8
0.9
1