0.0489397965419
0.00938655867586
0.0497507416387
0.00452883413894
0.00971124363464
0.0201768408195
0.0468983971073
0.0208454879723
0.0282381698356
0.0349737220197
0.0435307980034
0.0123116394763
0.0125884379803
0.00636499001854
0.0426913068578
0.00869331963439
0.052692683169
0.0309930147275
0.0290069309582
0.0146700373465
0.0048663802522
0.0279712568813
0.0449460303894
0.0524299896596
0.0129324042216
0.0223561271812
0.0238576673165
0.0201872977429
0.0195046947851
0.0127810085677
0.0112575809083
0.024904046853
0.0399914448181
0.0297209189885
0.0388634475719
0.0225811827391
0.0504322548653
0.0425682875993
0.035071302239
0.000331830961659
0.0314945369662
0.00859842783015
0.0117532463439
0.0441844024117
0.0509503325856
0.00460003412421
0.0280767081555
0.0473162419762
0.0143550379693
0.0453681164613
0.0464676624372
0.0215712871333
0.0495329954439
0.0363937479569
0.0275332192827
0.0028311386548
0.0446270293629
0.00915813323569
0.0525267700032
0.045055094448
0.0240079843185
0.0198282123289
0.00479692074466
0.04132038028
0.0185141153287
0.031575228557
0.0311189852455
0.0364390844846
0.0460473353889
0.0167265171838
0.0348185358605
0.0198508929409
0.0345702967001
0.0498949231035
0.000297109382959
0.0092419298385
0.0434677248218
0.0349848748617
0.0440066322696
0.0444872000069
0.0467198941445
0.0188439872014
0.00710568841249
0.00955133950188
0.0519430633323
0.0191568180608
0.0354930347829
0.0352825412579
0.041221447615
0.0518150099518
0.00431246223301
0.0101867330326
0.0128776263605
0.0490323862539
0.050811535918
0.017750644377
0.0320418089375
0.0491440462073
0.0335872408869
0.0486275994046
0.0342262108428
0.0492867575632
0.0366282963154
0.0292625905259
0.00594317176123
0.00345359107501
0.0148235091964
0.0207765401543
0.0260163465567
0.00940681376709
0.0497576308935
0.0306319808814
0.0261078280931
0.0153255945999
0.0379599911479
0.010526306312
0.0254011182526
0.0200831906013
0.0192573723528
0.0148417346397
0.0512933304997
0.0381681743727
0.00706071408345
0.00322199421755
0.0152705850739
0.0396790266455
0.0514896339141
0.036594477494
0.0385121700908
0.0520711016969
0.0522361821744
0.0102891330224
0.0146689549791
0.0413614475974
0.0463731779128
0.0341100382375
0.0218766321824
0.0395025089426
0.0314539480397
0.0393591731713
0.0478313728666
0.00432689718032
0.00878151894871
0.0303850616448
0.0118155146028
0.0441128694656
0.0069954489233
0.0170378160443
0.0383621250221
0.0189762584906
0.00534710573612
0.00972121486236
0.00286553888632
0.0413570581563
0.0065745084315
0.00325667537706
0.00152454599995
0.00506353064827
0.00672049565733
0.0433176365605
0.0131164322033
0.0109847754986
0.0239660124913
0.00758366790461
0.0236415892347
0.045624804127
0.038569300792
0.0228951217327
0.000166349177712
0.00481867437929
0.0419683992977
0.0292480571224
0.0266091446461
0.0229600913824
0.0457829990836
0.0168639388147
0.04364153599
0.0500766446801
0.0217997605563
0.0333755889279
0.0461698451486
0.00332695602487
0.0195870229217
0.0136560522176
0.00654272121931
0.0520249483689
0.0378443066169
0.0479262401904
0.0474867668627
0.012819517677
0.0502862497395
0.0290877456481
0.051590962521
0.0516932381767
0.0478684496756
0.0473130812121
0.0439279619853
0.00371960632739
0.0352077055502
0.00971826260908
0.0232233218814
0.0517397066383
0.00441948309982
0.0276141769522
0.013580897202
0.0486952184298
0.0102296036872
0.00154640402328
0.0459043076114
0.0156664694347
0.0279292614763
0.0175303123777
0.00835122628349
0.0255935660055
0.0285743643299
0.0491531758925
0.0494747672533
0.0309107221966
0.0147012650226
0.00310537737448
0.0185125896568
0.0434500939831
0.0412777840335
0.00202988539934
0.0364500263105
0.0469602624105
0.0485022021972
0.0471593166474
0.0365579928711
0.0168368144455
0.00955526596552
0.0373993582457
0.0163486607853
0.0404740921628
0.0302598499223
0.0416378371842
0.0185484164707
0.0353164500483
0.0101860391772
0.0380527226385
0.0528480176092
0.0175867638758
0.0262221349609
0.010475167094
0.031370220094
0.0273348208385
0.0413719148225
0.0166847072372
0.00230186984558
0.017440791139
0.0324038581422
0.0523150788466
0.0485373800776
0.036616840178
0.0392356654172
0.0442781348074
0.0197385003758
0.0263800500933
0.0300522517414
0.0344746005346
0.0321415999738
0.0491293674573
0.0224130764682
0.00538284797301
0.0383099972224
0.0246142619232
0.0415755889263
0.0114951153578
0.00690781268172
0.0355898041014
0.0506112173301
0.0146671024555
0.0161641411604
0.031137411455
0.0329094362911
0.0118610713879
0.0239352698547
0.0263331163715
0.00544086701193
0.0403422912514
0.03523363957
0.0493090245201
0.0442194859651
0.0110916839003
0.0435549044255
0.0244324802367
0.0145335220399
0.00466354533907
0.0152333451644
0.0426899781092
0.0521725145153
0.0131191668493
0.0122228637314
0.0270515717134
0.00311481134899
0.02988521467
0.0237699868893
0.0184401876175
0.0334503070203
0.0525229321282
0.00896822354272
0.00596765793519
0.0508144663249
0.0502546299669
0.00252206249366
0.0153950085065
0.0478648665507
0.0177709505865
0.0336120740933
0.00324497123166
0.0359311269997
0.00224336984906
0.0126925795818
0.0302855513126
0.0260467664417
0.0519246217322
0.0162489465812
0.0365697856765
0.0462338320742
0.000635303654025
0.0398484503021
0.0244401624019
0.0232484962204
0.048501488277
0.046372663275
0.00692983604233
0.0404132612947
0.0136341226792
0.0116291964307
0.0105980442195
0.050210918166
0.0198470681
0.0430294068683
0.00279072965923
0.0468598996057
0.0391107371649
0.0231333192827
0.022892631352
0.00596205084163
0.0299932673809
0.0508190153081
0.0255061413435
0.0240878458598
0.0295099907957
0.00721612389981
0.0371299340775
0.024995063453
0.0200903909294
0.00645342062304
0.0112273369876
0.0176240717081
0.0349478315385
0.0354272791968
0.0106713626418
0.0347435233097
0.00397015539852
0.044017683776
0.0487355062753
0.0524098931662
0.0233698275707
0.0431426082883
0.0203438807022
0.0157588775298
0.0502702291827
0.0490812227908
0.0231146631021
0.00242092477504
0.00202318282969
0.0527678419026
0.0126166841071
0.0475493124456
0.0425306889283
0.00286271822385
0.0523019237181
0.0425606677823
0.0521382317414
0.0407341549219
0.0193321450993
0.0181901767727
0.0241634048886
0.0232487055893
0.0320925903009
0.0197512638607
0.0137381997247
0.0388636786608
0.0441578114348
0.00871803361982
0.00718650020602
0.0226678033761
0.0355125442803
0.0145754384421
0.0177192472983
0.0521927381638
0.0232164432858
0.0471451783424
0.0521618410284
0.0097666165974
0.0360615244322
0.0310642410132
0.0378187648233
0.0245309996768
0.0387081755075
0.0248570802245
0.0223868866504
0.0425610840304
0.036544030097
0.0176025515495
0.0112860418406
0.0225610881084
0.0227611125898
0.00570218861132
0.0220365585945
0.015813226612
0.0017716004374
0.0153587974779
0.035600771688
0.0068784665527
0.00281555894079
0.012050162572
0.0303020673377
0.0435472027959
0.00274419333754
0.0354944658756
0.00683392079713
0.0350679120707
0.0444740131868
0.0475111745226
0.0131982943273
0.0513731552748
0.00496112985788
0.015803488414
0.0451478281213
0.033132330453
0.042667008453
0.0408910492963
0.0315884856121
0.0298600097327
0.0154350560112
0.00174889387293
0.0310805754731
0.0296612425483
0.0333614786557
0.0309232313398
0.0322189819174
0.0107635146049
0.0206614941015
0.0486927266773
0.0336439151536
0.00403546091679
0.0302095231215
0.0472830478476
0.0274916010361
0.00303330462578
0.0300676851439
0.0239947457803
0.0164362080594
0.0163141629836
0.0431631101406
0.0376377496835
0.00217393790886
0.0506940692303
0.038788379759
0.00897135362261
0.0140770969311
0.030167410041
0.0148783704163
0.0247466978262
0.00726143548211
0.051804514666
0.000548063010685
0.0191101323465
0.0475529512979
0.0477424483695
0.0460886148584
0.0463338527652
0.00488474960876
0.0351533903566
0.000606243223637
0.0265046993897
0.0379549001742
0.0419086529916
0.0362476115929
0.0262106974068
0.0421025572709
0.0475171920018
0.0513261707635
0.0429398711008
0.00850406030323
0.00258111455529
0.0492225063934
0.0518088778837
0.00164318132584
0.0360342521569
0.0223613613661
0.0381687619352
0.00553153491886
0.00636269392028
0.0505146908702
0.0483614887459
0.0440425596572
0.0278751374834
0.0212475042198
0.0287309699863
0.0354073129331
0.0212460416574
0.00296649657358
0.0309285342542
0.0338536129295
0.0130544894688
0.00270843167989
0.0226495545179
0.0324591552595