0.049204761993
0.0338259358639
0.027856187826
0.0321712023442
0.0372143211595
0.0111431630439
0.0482028413329
0.021224896827
0.00536029778583
0.0350554724632
0.0328660102611
0.0341737782556
0.00178022365925
0.0142206770187
0.0226910508028
0.0473684102233
0.0136803067572
0.0409966536937
0.0518307219276
0.0325065126819
0.00824607620897
0.0393750804275
0.0411662360856
0.0292696561552
0.026803123976
0.0528910296795
0.026607151014
0.0519099175077
0.0283526525608
0.0296203963835
0.0423153556399
0.0315594495013
0.0329484132268
0.0284100588887
0.050246611258
0.0437920570436
0.0172995376517
0.0214208154498
0.0311532879513
0.0043900976222
0.0256121600563
0.00624268778798
0.0275025625836
0.02685391286
0.0441114323645
0.0242987647093
0.00161501628961
0.045714203092
0.0497237957446
0.018234150313
0.0288518723701
0.0237488810878
0.0355694536023
0.0100705969316
0.0409947620987
0.0147811062012
0.0287526028196
0.00814549815413
0.0301689017887
0.0481610601756
0.0460203790896
0.0433947559699
0.0373704119758
0.0128118071522
0.0193999369814
0.00715388749909
0.035376001164
0.0509716504014
0.00519158616507
0.0227249858664
0.0117469569068
0.0287560823926
0.0188327137855
0.0332102492641
0.0369255661115
0.0448869468901
0.0340654907156
0.0034133500477
0.000939484215625
0.0360042354249
0.0216190215608
0.0422038221098
0.0143779717203
0.0449794474236
0.00262131598706
0.00734320616679
0.0205237139214
0.0478158657886
0.026707489859
0.0308923785681
0.033805221165
0.00154434440765
0.0336688370974
0.0471603133036
0.043332686666
0.00280198854507
0.03530634977
0.0436749412028
0.0412379509584
0.0247066953861
0.0176285929352
0.0389890912387
0.0391728464461
0.0490236030537
0.0454708076762
0.026125808543
0.0528475958808
0.0402638543412
0.00112750493685
0.0344892593862
0.0162751231843
0.0524902698668
0.0326546529054
0.0174538213728
0.0405149357814
0.0462231775228
0.0486809943392
0.00243336651255
0.0159155984491
0.0477059996056
0.0506885430241
0.00631023009445
0.0270253298572
0.0432757546924
0.0396917970855
0.0347667824116
0.0277895479111
0.00216724686733
0.0431406446257
0.0112761258262
0.0481737810539
0.0522783572363
0.050812834593
0.0264361993322
0.01740970757
0.0313726898079
0.0501606111539
0.0436211347999
0.00169099364827
0.00716336830143
0.0317145720644
0.0229506518968
0.0106053874193
0.0310676757207
0.0188253624065
0.00383560699934
0.0328904802353
0.00286029132571
0.0453140065967
0.0381078822846
0.0127056388324
0.0202158837663
0.0424106886884
0.0294317490639
0.0277360491282
0.0177646573523
0.0155771562642
0.0474277038518
0.0434365832021
0.016551928453
0.0445884331855
0.0181319193289
0.00475727026049
0.0328441683238
0.0465024025462
0.0111519943704
0.0425806746011
0.0133992253707
0.0252300325081
0.0463193127468
0.0335952212864
0.0309155053447
0.00564423817077
0.0343470708652
0.00436818181615
0.0499731393082
0.0255765441983
0.0509704246517
0.0166058208387
0.0141369830674
0.032614840693
0.000888080276613
0.0439910728648
0.00791857237974
0.0478650801665
0.0326499801436
0.00243754728643
0.0197783007071
0.0521136669671
0.0231943670099
0.0416106028093
0.017779834576
0.0407859954794
0.0249293652597
0.0378067874767
0.00364365362295
0.0272239373532
0.04691859018
0.00861988678027
0.0197575889016
0.0247281753439
0.0393767373752
0.0192310420731
0.0317157369139
0.0411505843473
0.0393176082429
0.0503807080662
0.0369193829489
0.0317186350436
0.0517829505676
0.00379970358794
0.030021560465
0.038773504226
0.015792502562
0.00818631603064
0.0429079196594
0.0195443890751
0.0316205156277
0.0329241524052
0.0418696592854
0.0045969754531
0.0282616799075
0.000980756144478
0.0116393924817
0.0435961519986
0.0112841203423
0.007360976037
0.00217329363735
0.0446102049877
0.0247043389557
0.0479821136661
0.00982059371436
0.00326510040187
0.0336596488568
0.0303319012212
0.0229300617988
0.0203628589323
0.000301800909731
0.0213809662765
0.0104874619341
0.0180857680151
0.00773166344774
0.0308481637219
0.0337626870478
0.0258960185785
0.0214737371734
0.0111061332231
0.0107259729447
0.0318047747812
0.0049845673865
0.0213673921883
0.00398222816998
0.0501782157938
0.00154684906614
0.013235741632
0.00710491403311
0.0514492156454
0.0466062869462
0.024661279715
0.0246407047616
0.014574512335
0.0230121352265
0.0503987401705
0.0212932365229
0.0107462707006
0.0214701335807
0.0260343674703
0.0482667371717
0.0302533099454
0.0147142499215
0.0150921725317
0.0389363809143
0.0196217841586
0.00346655302427
0.0128542864159
0.0245027127574
0.00606602661487
0.0210182760541
0.0142092804221
0.035763777755
0.0386193042428
0.0153989178473
0.0306027018278
0.0013344395961
0.0356819881289
0.00367386303857
0.00165517087393
0.00741294971271
0.00350173458592
0.0173063329784
0.0296963067619
0.0284186485487
0.0244242078409
0.03360285001
0.0306092058321
0.0421122001254
0.0455384483552
0.049882920757
0.0433244681502
0.0384277546085
0.0198137889766
0.038300669402
0.0166360660241
0.0159429257773
0.0222381744841
0.00169649580104
0.0301994947488
0.0466164742368
0.0436788580155
0.00115134838358
0.040067636839
0.0202309183312
0.0463874589239
0.0137958553103
0.0199273803889
0.0477369834961
0.0141149101045
0.032809206236
0.0446419264917
0.00145242407503
0.0236719782885
0.0301373881827
0.0255244324511
0.0291218470693
0.0221298077038
0.0164786443301
0.044347432766
0.0381808540974
0.0176323732383
0.0287666862905
0.0207324563494
0.0278622360405
0.0243823941545
0.0250467550774
0.0503027452579
0.0312943602833
0.0199827997024
0.0346456264214
0.0068984994925
0.00578746012003
0.0277113802214
0.024962471432
0.0112539373066
0.0519653858908
0.0168262539374
0.0296561321826
0.026392544055
0.0363068423876
0.0311001862112
0.0522164720437
0.0324921654813
0.000414475574777
0.00122686902001
0.00204285093723
0.0110542018939
0.0349309852633
0.0369454266218
0.0503264822517
0.0272375877983
0.011440463357
0.0373214837101
0.0180592508115
0.0422843166397
0.0456807412346
0.0222177607535
0.0515398597522
0.0129375181047
0.0426393713824
0.0274476233075
0.02344198944
0.0168751512761
0.0357518049901
0.0192308387049
0.0183661978647
0.0184763015098
0.0352079823008
0.0241569721813
0.0118621399677
0.0420546512455
0.0149988124103
0.0422552408793
0.0476585814773
0.0479811610662
0.0374472183539
0.0364235700765
0.0190535879962
0.00155500962383
0.0115381068107
0.0165993777259
0.0455742618568
0.0456181316719
0.0440153079568
0.0481836142493
0.0129009787455
0.0496193730481
0.0198819539423
0.010291698799
0.0135165678963
0.0328196467758
0.0364929789997
0.00534916287619
0.0309329399153
0.048698464075
0.0119809961912
0.030740759867
0.0415144424327
0.0500595452683
0.00353324202409
0.00347933836463
0.0414470815425
0.044199817894
0.0287208486416
0.0134251926181
0.0212483126862
0.00979720157214
0.0508570659282
0.0319102682918
0.022473508466
0.036316108141
0.00445931791806
0.0321799896331
0.0150054928901
0.0115656438503
0.0335588487542
0.0453420680839
0.0523464277506
0.00563079356468
0.00914752686457
0.0224929800871
0.0530194614113
0.0361967043055
0.0507893769985
0.0142744691781
0.0122723952422
0.0238296702332
0.0457850021527
0.0190969032034
0.0424598542784
0.0229524839613
0.0105007985922
0.0279177218333
0.0499943168495
0.0362612353616
0.0177178379806
0.0459621206859
0.0150821617854
0.0306884504553
0.0525040092298
0.0121641608506
0.00514520656508
0.04332193109
0.0298827702921
0.0138845407579
0.0266607281426
0.0438446286284
0.00734080999487
0.0362733708384
0.00483758374297
0.0500144241154
0.0227544641488
0.0504404770718
0.0418767581755
0.0177542344102
0.0120249546509
0.0173350483359
0.0315935840424
0.00923264871987
0.0236359237226
0.0160412301929
0.0101192108316
0.00970378736436
0.0057457366397
0.0125842385705
0.049816234869
0.011961624383
0.0345970612367
0.0233863780885
0.0118632812976
0.00408368857773
0.013728427539
0.0281578497736
0.0162631313447
0.00388354209337
0.0309715727089
0.0329479672619
0.0307555862401
0.032759177176
0.040089204703
0.0430977795187
0.00623574292497
0.00794763182651
0.02874701027
0.0285533393545
0.0500542707109
0.0169816796174
0.0340509608118
0.0462374981773
0.0482481566883
0.0232968713534
0.0200867388831
0.0284008556875
0.0340562209955
0.0130859781213
0.00179929598759
0.0299606271639
0.0420042194735
0.0492557523876
0.0239810795281
0.0504731357777
0.0240577588336
0.0280444329859
0.0245501698581