0.00347494232054
0.0152228336983
0.0156130024865
0.0130516579067
0.0407842786745
0.000519681620468
0.0422596670647
0.0503406690391
0.0538722217927
0.0217926917639
0.0453888126081
0.034483001391
0.0351438691523
0.00906791316614
0.00336614650731
0.02757598521
0.0283284585117
0.01877824546
0.0506212499248
0.00911814182715
0.0329975322362
0.0224032946618
0.0147254895863
0.0160661666395
0.0252501808739
0.0187827545029
0.0279048460263
0.00693045944333
0.0115458881674
0.047580630115
0.0170336314923
0.0018135320126
0.0482457153399
0.0445040244727
0.000582764329707
0.00845901088285
0.0349127895094
0.00459677216479
0.022007395501
0.0430470926979
0.0383752866383
0.0157329231978
0.0117528897083
0.0438434307307
0.042970696342
0.0158165262108
0.0403335531155
0.0352913965067
0.0383386945468
0.0528315254897
0.0100187995994
0.00881923362384
0.0136888154662
0.0291062567152
0.0354874850418
0.000507800806453
0.0150011412745
0.0300606474555
0.0351788090216
0.0543183386597
0.00150631266278
0.0474014199522
0.0290425246126
0.0257326543177
0.0431079186067
0.00977988978579
0.0528754916653
0.0251325988677
0.00618358161803
0.0378807371218
0.0475864248708
0.0215120623331
0.0332859210529
0.0440622695788
0.00909179491816
0.0244015204162
0.0328625115728
0.0456158282835
0.0312977185995
0.0229370829322
0.0336734366453
0.0363543090395
0.0411671799225
0.0011955847303
0.0526287797057
0.0474310450255
0.0438230930163
0.05413421771
0.0175396221736
0.0507780518013
0.0400279606606
0.0449528219777
0.0180481504958
0.0398610595259
0.0232547007393
0.0402976561465
0.0283136964081
0.016568224228
0.0214591862611
0.035322740869
0.0299648220419
0.00581907984774
0.00152061055005
0.0358405744345
0.0315902112029
0.0018417021022
0.0376073991173
0.0508738182618
0.0152416893334
0.0398212106928
0.0216286412925
0.0279830369225
0.0147608705572
0.0383589080742
0.0499474889404
0.033485842709
0.019420143106
0.00940884918379
0.0284898843947
0.051829595933
0.0315371283335
0.0465168871136
0.0505713734627
0.0158233403211
0.0490318883294
0.0427187458318
0.0427581940716
0.0367506059202
0.046662117303
0.0472572926351
0.0342404035971
0.0543478686106
0.0150877462367
0.0224784858942
0.0219734920905
0.0522912868473
0.0255407384705
0.0141602965288
0.00350842695877
0.0131452576109
0.031641199462
0.0353879890359
0.0141147144167
0.0168477396422
0.00675917667671
0.0297657952595
0.02439100816
0.032571457008
0.0475699062134
0.00639583792693
0.0461283370739
0.00487331777225
0.0281734253799
0.00543474982485
0.030231429197
0.000566456292812
0.0416902430185
0.0170554290373
0.0334351204127
0.0503890351768
0.0200844580196
0.026135451955
0.0425213893682
0.0317323947237
0.0132848231873
0.0293613446912
0.015114783828
0.0141111790159
0.0366012355646
0.0356590393138
0.0222139349177
0.0500835692613
0.0128044724271
0.00781320950533
0.0269239275934
0.0276131132656
0.00270677449538
0.0218552735793
0.0547213530403
0.0263297349085
0.0163124474358
0.00444874519514
0.00997713692367
0.0216931550889
0.015550048009
0.0102484347657
0.0476927697566
0.0265515397323
0.0474339525378
0.045551961403
0.0543837694511
0.051160859106
0.0505999519645
0.013254685781
0.0361380671787
0.0278926424051
0.0485753112998
0.0526695740614
0.0172220678625
0.0510682492959
0.0144306431875
0.0383838356063
0.0438942745649
0.0109351637914
0.0155921713061
0.030620347439
0.0492944257848
0.0382750820107
0.00561828005521
0.00646189473096
0.0476935330672
0.0243476073557
0.0173063166776
0.00440972698036
0.00587379878803
0.0539658431571
0.0386369349244
0.0503440209494
0.0217885992409
0.0170698096768
0.0297933462561
0.024838177548
0.0171634936815
0.0243128428577
0.0246100114606
0.0214623968568
0.0107405778731
0.039213171636
0.0290786142748
0.00988373960116
0.0475234414294
0.00245092576657
0.00204659026251
0.00307144818013
0.0178020739688
0.030096956278
0.00326538364501
0.0349731271869
0.00810205758627
0.0383092588043
0.029343589936
0.037992087234
0.00478526286936
0.0540742167057
0.0227952704635
0.0289060829809
0.0185309003137
0.0144035550968
0.00666853878384
0.00372555824613
0.0405295740766
0.0457118867741
0.0251232402604
0.0534477692569
0.00323122092935
0.0522510592583
0.0440604989248
0.0476476116983
0.00143941313897
0.0329738579054
0.0221726510785
0.00145583489733
0.0454737161433
0.0195303511355
0.0365133467017
0.00501634287289
0.0164325108817
0.00277499673255
0.00910389052799
0.0108319098531
0.0139823346365
0.000582252266139
0.0267233774921
0.0369313130817
0.0187085398172
0.0404704057963
0.0146987305093
0.00446787488001
0.0191882289413
0.00621126967599
0.0368036982856
0.0377298135331
0.0369865608432
0.0385905949419
0.0545792204843
0.0442947590956
0.0317834471869
0.00407053462872
0.00347092897154
0.0404099208279
0.0535888931735
0.0244734835638
0.0328074497433
0.000206642002246
0.0393960552235
0.00175486434922
0.00731252216342
0.00962899879655
0.00180101568506
0.0395883397342
0.0485916988737
0.0419261311084
0.0192432420537
0.052438963223
0.0280074405517
0.0353201110119
0.0285172835539
0.0492398241986
0.0377157474306
0.00382226545027
0.0156536743986
0.0134724004903
0.0160635615716
0.0145462941349
0.0504286308439
0.0296392813006
0.0471230483877
0.032479007476
0.00756694997801
0.0506255980561
0.00992167928966
0.0414864556476
0.049259285455
0.0189974243136
0.0125196912307
0.0364496639173
0.0454343306762
0.0440958092984
0.0145167499158
0.0440268127982
0.0418292749442
0.00321569150085
0.0225451244895
0.0355062172423
0.0404016262969
0.0374466906692
0.0333519974825
0.0157952005296
0.0237871759579
0.0294278704538
0.00190159047095
0.0109807157154
0.0499643769399
0.0429984137091
0.00255087568914
0.0538377422871
0.014245152847
0.0498815301385
0.032976312556
0.0080901253858
0.0545353463692
0.0440379823944
0.00845161578877
0.0342027823156
0.0278835646722
0.0161805482308
0.0331878748557
0.0108834073376
0.0282147697516
0.00628192994346
0.0123393706049
0.0359089839497
0.00219513555135
0.0159121790857
0.0392617735902
0.00375555479063
0.0344038139034
0.023017131995
0.00487192470779
0.0283902928184
0.0145172278163
0.0359782646247
0.0303646498186
0.0433364533727
0.0141699242003
0.0441958649883
0.000480979715297
0.0207998754483
0.0414796745941
0.0405124639994
0.0245364231841
0.054502767217
0.0201177096241
0.0257468004563
0.0395486920822
0.0537213091756
0.0254937593324
0.00633671471281
0.03011814018
0.0293664620845
0.00529005907876
0.0117589397865
0.00359121385418
0.00799025854267
0.0166792262796
0.00474391834471
0.0233744231018
0.04438681656
0.030543658517
0.045125952448
0.0223423945641
0.0323093975938
0.00482339961273
0.0462790408911
0.04695405244
0.0146073137183
0.0226138829739
0.00894437625641
0.00117242748736
0.0262409338112
0.0463530977783
0.0399136346252
0.00714599634657
0.0506668354421
0.039155367138
0.0460573227324
0.0301322073899
0.0274449339074
0.038371751377
0.0130723790034
0.014289373513
0.022146818633
0.0169972283895
0.0120206699449
0.0518450649665
0.0010068059588
0.05101576889
0.0395747543987
0.00188217323675
0.0453228243375
0.045534831787
0.0170290799319
0.00797508266932
0.0441234889115
0.00196646407063
0.0325396021231
0.043638041354
0.0349071835264
0.00462072880551
0.0115682181057
0.00635610660872
0.0313251299359
0.0422027816414
0.0530941524805
0.0515393480385
0.0283883272402
0.0351839529097
0.00319886445435
0.000292513299373
0.00885525096334
0.0161795782859
0.0475122790166
0.0477832965839
0.00864008030952
0.0432936242672
0.0219875791776
0.00328965666884
0.0447847014987
0.00711240132037
0.0167836832668
0.0193252727511
0.0501182992055
0.0140693711806
0.0105500193691
0.0246173615321
0.0515127290185
0.0081041060618
0.0470207797941
0.0508660612341
0.0279058147501
0.0353688850705
0.0161812958055
0.0418988749669
0.0144329565199
0.017284523036
0.0163884059726
0.0307828380701
0.052494496784
0.0447591594088
0.0298938639109
0.0107104365785
0.0267591483653
0.0025655418194
0.0139465234819
0.00571150515441
0.0214485435261
0.0394162471235
0.00621097250978
0.0534148519644
0.0293744899804
0.0262939724095
0.0338754015323
0.0433273970049
0.00969144445831
0.0318509757839
0.0496393079717
0.0183497490273
0.034951396042
0.00847115256867
0.00712631106247
0.00767569885663
0.00493713923956
0.0525293324316
0.0320940372729
0.000917237195353
0.0411502131838
0.0289762338162
0.00687508219526
0.030151479229
0.0273039226336
0.0534432335403
0.0440725477989