0.004220101
-0.07478135
-0.031924427
0.024283724
0.034674883
0.042331383
0.020286378
0.03617331
-0.042427815
0.015658323
0.028174454
-0.07175328
-0.03748408
-0.029952357
-0.040630966
-0.0011435295
-0.05191851
0.018811164
0.04088841
0.024032246
0.09595528
0.09483448
-0.021594409
-0.05384357
-0.021421261
-0.027353808
0.02413875
-0.0296498
-0.006120273
0.02445023
-0.07099515
0.015564196
-0.031698316
-0.020915285
0.016504148
0.015842842
0.047926787
0.070156954
0.020902937
-0.0050201365
0.024496363
-0.01127906
-0.0020281381
0.07126884
-0.013923763
-0.07129444
-0.050236568
-0.0035293458
-0.02305842
-0.017355926
-0.022053588
0.018727632
-0.079190426
-0.07230189
-0.10406543
-0.07424553
-0.026763534
-0.031173145
0.0032620446
0.07075765
0.082220934
-0.03164124
-0.034087785
0.06769862
0.052465893
-0.045655012
0.033749674
-0.0027069843
0.05963217
0.025920402
-0.10356424
-0.017660467
0.039488815
-0.023289602
-0.059447475
0.08805181
0.018950429
-0.027679333
0.0036691744
-0.003281111
-0.0064341347
0.019785637
-0.055243056
0.107750535
0.05383395
0.10493348
-0.006314851
0.045013092
-4.579371E-4
-0.0046776435
0.050140947
0.032824922
-0.016380714
-0.068221964
0.007955428
-0.02262865
0.036247376
0.006031619
-0.083048016
0.021564206
0.01187566
-0.023104493
-0.034606732
0.023977548
-0.033843484
0.06908221
-0.053544506
-0.0023363167
-0.0046718777
0.023866786
0.013419252
0.028879905
-0.062932
-0.017036142
0.043242157
-0.02106047
-0.012489816
0.11065569
-0.023236612
0.020411879
-0.024152873
0.09513336
-0.0633153
-0.0467855
0.01972788
-0.036508474
0.005216629
-0.034230433
-0.03858978
0.032822922
-0.02240186
-0.07623693
-0.017795373
-0.030507203
-0.0033489924
-0.002332002
-0.034642134
0.0013046619
-0.025838794
0.0137352515
0.0033546342
0.053134892
-0.005057451
0.050647687
0.008514113
0.037378177
0.055164035
-0.017975356
0.06972185
0.01959438
-0.009901188
-0.054139182
0.037182268
0.015757632
0.028430976
-0.02386181
0.03173167
-0.018299408
-0.031968635
0.04792097
-0.026670346
-0.024042265
0.005955456
0.037139386
-0.003595173
-0.014594935
0.030476462
-0.04143818
0.027851172
0.0012804739
-0.11965902
-0.010365468
0.037208427
-0.036419816
-0.068904586
-0.006761363
0.01811243
-0.0104386965
0.041720435
0.0033029877
-0.06046204
-0.003921659
-0.02268351
0.01431607
-0.041019514
0.008497635
0.0600149
0.043996662
-0.052616317
0.06352899
0.037553247
-0.016728
0.062949315
0.006668424
-0.013857533
0.07931175
0.019285977
-0.016609045
0.007559812
-0.01680427
0.02060808
-0.0049577868
0.008365103
0.036113866
-0.018494027
0.02460474
0.004365545
0.010807984
0.046544023
-0.06330125
0.0274129
-0.035180625
0.04998694
-0.028124375
0.02071458
0.030540936
-0.098499194
1.4514144E-4
-0.048299074
0.041847635
0.027341906
-0.024038386
-0.07267024
0.013797273
-0.04416825
-0.036291387
0.004367002
-0.013859884
-0.035879403
0.082705356
0.003324608
0.037800413
-0.05665599
0.006565648
-0.0027452768
0.025519235
0.025207963
-0.0077050887
-0.030291008
0.03514974
0.00394912
-0.062687054
-0.03547207
-0.025011657
-0.08007728
0.07822872
-0.01014069
0.012579659
0.021294365
-0.014145739
-0.027202167
-0.040650602
0.0016454168
0.028151307
-0.009962234
-0.043373283
0.059067424
0.10140001
-0.026989335
-0.026208857
-0.06473003
-0.023405751
-0.025487978
-0.051086403
-0.026180597
0.07830245
0.011431356
0.030105295
-0.019181183
0.02869916
0.049111996
0.023476196
-0.024854846
-0.019978449
0.025913106
-0.025426032
0.096529484
0.01966018
0.0526145
-0.008113943
0.041560482
0.004632687
-0.034004137
0.06642742
-0.021108244
-0.06417603
0.013661512
-0.05119634
-0.0393168
0.044695865
0.015704101
0.016385645
-0.052623767
-0.025356669
0.041488834
-0.025191635
-0.046377797
-0.058975663
0.069845974
0.019774884
0.07644885
-0.010793813
0.074936174
-0.06462521
-0.02646462
-0.030022224
0.03808897
0.009844292
-0.025489405
-0.006754195
0.057563737
-0.015374736
-0.0098722465
0.07876078
-0.023216123
0.11557447
0.04982369
-0.011914589
0.07438045
0.012657307
0.036406606
0.019885493
-0.065213084
-0.021575058
-0.05163603
-0.022637464
0.033049528
-0.020526592
0.02064769
-0.048089486
-0.08446907
-0.0014358644
-0.011590662
0.039671794
0.010620181
-0.06487475
0.010340169
-0.013634474
-0.0112764565
0.02404117
-0.022589222
0.038241073
-0.018336548
0.07140334
0.0028169428
-0.08918311
0.034246117
0.02185176
0.045307405
-0.048505377
0.026267264
-0.09883723
0.0539692
-0.05820799
0.013351992
-0.050739612
-0.033409055
0.052453987
0.03999541
-0.0068984632
0.10793885
-0.013854108
0.034454867
-0.026777523
6.757281E-4
0.016871212
0.017862977
0.033286612
0.018049892
-0.10445116
0.03661318
0.029848805
0.09188238
-0.008390555
0.030998383
-0.04347764
0.022096347
0.048979655
0.0057834387
0.023280246
0.002914297
-0.034236483
0.03560904
0.058120422
0.12163093
-0.0039104694
-0.08218598
-0.01780087
-0.087027214
0.01794049
0.10098224
0.03330695
0.030345956
-0.042325065
-0.0251795
0.1047797
-0.0047315685
-0.03848275
-0.013315954
-0.009755536
0.0665373
-0.03662444
-0.05782782
0.04150914
0.06703078
0.0073620975
-0.024176268
0.04574327
0.009310956
-0.03496715
-0.033492602
-0.04896945
0.13134718
-0.002036704
0.01450104
-0.04402163
-0.0049215714
-0.0015484337
0.024638355
-0.01584471
0.01587819
0.047480453
-0.025565509
0.06547993
0.08142082
-0.021088574
0.032695863
-0.05503327
-0.033899445
0.043674983
0.03279967
0.025122616
0.010297366
0.014637307
-0.03150193
0.04877447
0.09072566
-0.1078981
-0.016760528
0.05356298
0.022289423
-0.0011883788
-0.017405907
-0.007315287
0.048231483
0.07371976
-0.015447281
0.015836885
0.041841067
-0.052533384
-0.020461954
0.011674574
0.010418736
0.052247327
0.081743345
-0.032603577
0.078427725
-0.01255326
-0.02703092
0.07638481
0.05673147
-0.020301864
-0.02110955
-0.025698416
0.018369911
-0.012555858
0.0063636545
0.010029163
0.075293295
-0.03563726
0.026148109
0.044417497
0.027566347
-0.0571123
0.021708518
-0.004580365
0.02307941
0.00488456
0.01381015
-0.076496825
-0.015488167
-0.052102365
0.08405014
0.034408096
0.07727851
-0.004298664
-0.09993723
0.019235503
0.08797293
-0.010840867
-0.018379938
0.003831266
0.041293897
0.043827362
0.0269399
-0.0052262996
-5.490329E-4
-0.048497017
0.051989276
0.04938938
0.052221432
0.020914208
0.091798
-0.052449554
0.026610052
0.035316814
-0.024156978
0.07805889
0.04049494
-0.0210159
0.031222362
0.036795285