0.048904720161
0.00961876035702
0.0527117843665
0.00261767406557
0.0165398115161
0.00364006983477
0.0287325024352
0.0424969844308
0.0164751918924
0.000985095816248
0.0299039997979
0.000484913598436
0.0272627848903
0.0497101408962
0.038960087815
0.018298095248
0.0105762036489
0.0233930689641
0.0117054411024
0.0229764776951
0.0418786156695
0.0375860140492
0.0163336113067
0.00943838532902
0.00810065818506
0.0458974714048
0.0153315596017
0.0261147711335
0.046038125327
0.0347304122967
0.00362089859575
0.0468549054957
0.0437605286748
0.0487778657357
0.00301010447337
0.0119712595949
0.012067635901
0.0300069592526
0.00463755151277
0.0177251996241
0.0291842029814
0.0301780026067
0.0429144300539
0.0318240716314
0.0391229919786
0.024131605508
0.00308081358611
0.0303521764314
0.0407806517276
0.008452685386
0.0508625524898
0.00302100949142
0.0521121558637
0.00537134013446
0.000609773236473
0.00857708450252
0.0526754716721
0.0143347611507
0.0492495782002
0.0508969191373
0.0321030605639
0.0208135410178
0.0154261714259
0.0206021846124
0.0399334443012
0.0330621953589
0.0422162851418
0.0340283640983
0.0320788516239
0.0270969793473
0.000655001113508
0.0331411352181
0.000180714239239
0.0470396682105
0.0152829810558
0.0092814166229
0.0505230325254
0.0396446401184
0.00754770903155
0.0433856534252
0.0261156705625
0.0292523320332
0.0305778628732
0.00674805626359
0.0414655098448
0.0252001649942
0.00223552594266
0.0278291798131
0.0471540754007
0.00103681134414
0.025562399246
0.0320125262648
0.0420942617705
0.00102213846074
0.0411110996301
0.000612690719251
0.0439014341423
0.0432351509495
0.0336108252821
0.00621959963485
0.0447226795464
0.026643326163
0.048975898891
0.0519811087359
0.0503428817883
0.0344831749224
0.00614349996819
0.0152173822734
0.00224763652499
0.0250548312499
0.0362271789493
0.0483359559983
0.0304183629614
0.00467175306179
3.25831488189e-06
0.0388995371289
0.00127911945394
0.0314126997699
0.0344321191097
0.0138876516172
0.00055388258054
0.0106002849457
0.0051395442186
0.0481409112202
0.0461862431024
0.0489478907065
0.0445620075384
0.00594999276196
0.00315461444974
0.0251611216648
0.0104312266931
0.0337035347051
0.0414221485493
0.0249328507924
0.0227986733444
0.0400011611874
0.00637043399907
0.0505391769366
0.031792940378
0.0381536982009
0.0153553985234
0.007760741098
0.0293295655269
0.0378865932704
0.0325438904185
0.0208348340255
0.00959174979904
0.00658701562122
0.0358804587524
0.00816737075913
0.0247019262137
0.0311700403025
0.0385650533813
0.037589505355
0.0332247094643
0.00251624867358
0.00430597774426
0.0103445240957
0.0180278772524
0.0220083294295
0.016610663667
0.0252563947304
0.0427485176196
0.0245832895148
0.0388805925642
0.0372537235984
0.0299625172499
0.0525394865473
0.0354751572183
0.0379267731133
0.0108185913433
0.00649761215778
0.0126336138207
0.0497602266244
0.0377174422427
0.016018055512
0.0367077615863
0.011174625376
0.0193374654626
0.0390564684612
0.0486341742326
0.04179568908
0.036850652461
0.0158207175847
0.023001999465
0.015495014095
0.0145824962867
0.0345195970445
0.0443094332891
0.0365087758537
0.0291672812566
0.0241895301374
0.034879361446
0.0146983248511
0.0453957351435
0.0346941088019
0.00937708072098
0.0359621306482
0.042471974375
0.0258635747386
0.0227706975975
0.00198329595917
0.00937419440426
0.0025168273884
0.0320324997568
0.0516356393488
0.00964551523664
0.0471758601552
0.0289670291887
0.00778055384333
0.0523300489644
0.0459392787098
0.0377103685357
0.00214285014178
0.0528228505813
0.0384212807815
0.0339377595114
0.0492063049437
0.0280087732675
0.039978318024
0.0499750964294
0.0219562793413
0.0357292625502
0.00794103008398
0.0248108932376
0.0315161493631
0.0509241421418
0.0308596302136
0.0181167624704
0.028271690042
0.0509214306432
0.0170103513065
0.0450894742535
0.0450703824569
0.0430558477838
0.02252967387
0.0151609698504
0.0196668113439
0.0233989409315
0.0122049985916
0.0202339815217
0.00367195455958
0.033467896437
0.00214149227284
0.0323043444394
0.0174116997329
0.0407851141541
0.0426248339941
0.0467448580504
0.0516658713078
0.0419594487765
0.0482344688465
0.042888837235
0.00909803203657
0.0514719703936
0.0149744286087
0.0122034339482
0.0218635054759
0.0128709972896
0.0498585414608
0.0112925075272
0.00558335519228
0.0317196369337
0.0209811880769
0.0393199112174
0.0284621165971
0.00751720610903
0.0271832917993
0.04540641861
0.00355905728222
0.0302494019107
0.0177803878977
0.0313804253731
0.0182482576463
0.0207657953415
0.028803981346
0.00174131976951
0.00932343966353
0.00206012456201
0.0308258849295
0.0444329281022
0.0495084347027
0.00758602650324
0.0398076163696
0.0278150347124
0.0471133208903
0.0110021650728
0.00539393245616
0.00146119593723
0.0258586579173
0.00158183695771
0.0167319921727
0.0289020322141
0.0453242123619
0.0376703741942
0.0250370188005
0.0462100072434
0.000180535773479
0.0107823084609
0.0513209386389
0.00599809109956
0.0358563460718
0.022241494147
0.045186134033
0.0251925793357
0.0133776722146
0.0260165464509
0.0325751573826
0.0388026339914
0.0123171429005
0.0478645575818
0.0258299339266
0.0251556439356
0.00943094761478
0.0271817795482
0.0205555921374
0.0323291973115
0.00599259561755
0.0497098295001
0.019419437027
0.00706211876452
0.0279221309439
0.0416557021565
0.0114866090431
0.0511841241631
0.0377865968083
0.0430593357187
0.0472170777932
0.000370110966648
0.0350522880737
0.0375963145133
0.00861223865042
0.0228649769091
0.0320898511395
0.0498804105448
0.0214696477481
0.0514327444677
0.0424662291088
0.0272714056243
0.0166008262057
0.031134844099
0.0125282310005
0.0101991363734
0.0229108485907
0.0380289308771
0.0176826889565
0.0347464713376
0.0443556606667
0.0198395250322
0.052155844341
0.0276048150668
0.0259612779071
0.00790763541943
0.00768008314861
0.00461365082474
0.0245015206538
0.0122403605584
0.0251018637883
0.0303224712062
0.0137091423403
0.00970107539606
0.0188040444382
0.0271069802512
0.0458504935547
0.0181709980831
0.0389899418952
0.0438728525387
0.0485178174414
0.0133181960402
0.0337430571124
0.0218335586823
0.0465735193274
0.0508002120124
0.0494065904585
0.00052940797426
0.022295211642
0.00659447934442
0.0262151642458
0.00626557340913
0.0143706922787
0.0274232322104
0.0303603552152
0.00790143780592
0.0306074174488
0.0421285422254
0.00195852804288
0.0329222917293
0.0434796447935
0.00736304274081
0.0159448218445
0.0508102454844
0.0115010978317
0.0477600219995
0.0210700116296
0.0204366876264
0.0375270552625
0.0298490880257
0.022541905187
0.0464993639711
0.0516115330027
0.0403549029859
0.021175792138
0.00515494448954
0.0433388797811
0.00267614428668
0.0322031435898
0.00938147011946
0.0374312827283
0.0268364640057
0.045099735393
0.0345980084773
0.00745449683025
0.0150338834094
0.0402223530716
0.0427899244654
0.00210797835971
0.00765934481613
0.013899157267
0.0450538721452
0.0349413699833
0.0334303322642
0.033376133202
0.0329145152968
0.0188122202431
0.0523934390674
0.034960362908
0.0437656614934
0.0464468866882
0.0143265943093
0.0448444693429
0.0396012924653
0.0293239791148
0.0318763474381
0.0143526410292
0.0292581608153
0.0377388643577
0.0312186413341
0.0433727474973
0.0526642042682
0.0371818349011
0.0331643152369
0.034817800855
0.0529291525466
0.0108221445429
0.00971104580674
0.033180458529
0.0272099371416
0.0523459426122
0.0194489496238
0.00617890265965
0.0212855961152
0.0157453115908
0.0219211812008
0.00449784661976
0.0460442083308
0.0419305206563
0.00593828871198
0.0245691505606
0.00686424435291
0.0466473055389
0.0228662841105
0.0112706352903
0.00123245486946
0.0373646471041
0.0224828882306
0.0231571041227
0.0326269248448
0.0128757646525
0.017754900837
0.0425716634869
0.00351713494448
0.0289323412125
0.0169469509266
0.0199178896719
0.00370536889672
0.00292346542357
0.0204717080848
0.0219917518841
0.0350813236414
0.000829584472681
0.029787034521
0.0345201042875
0.00337619960486
0.0284341488283
0.00188828973337
0.0237472164616
0.00990055340308
0.0136344392002
0.0137131026443
0.0357916502106
0.0033405608923
0.0483571460235
0.0496179366979
0.00615486464595
0.00902207898992
0.0384820934297
0.0222268092148
0.0498332700365
0.00243037735289
0.0204482407716
0.0314081492232
0.0454412010891
0.0333805973223
0.0468352336571
0.0387213463507
0.045071086598
0.00811118046109
0.0418009634293
0.0524903618128
0.0479557055069
0.00814505448378
0.0107468375441