0.00155757718073
0.0404697959705
0.0471564707477
0.0437592409393
0.023354709535
0.0323378216448
0.0528559577989
0.0460572279539
0.00330596499367
0.044007709177
0.0312889392338
0.0195309462545
0.0308867439335
0.0211405888027
0.0307981870786
0.0120344390632
0.0317099106702
0.0240364354531
0.0268133283331
0.0062072048424
0.038231518463
0.0176386048052
0.0224293829591
0.00437709603409
0.0420363972246
0.00709097754667
0.0149933233983
0.00215636156287
0.0382024528327
0.0257693754321
0.000927508413425
0.0365233812812
0.0435650947208
0.00503651950121
0.0103468621056
0.015029359079
0.0153096672637
0.0293978673903
0.0409569541944
0.0379023737324
0.043519712828
0.0443862097927
0.0418347253091
0.00130230675705
0.0199238307557
0.0131830440787
0.0141016895605
0.00533153694564
0.0412528774494
0.0299734811819
0.0493524556385
0.0239662015875
0.0318348681679
0.0386635798606
0.0451557696001
0.0279983454965
0.0191604740773
0.0276822615293
0.0426333841207
0.00890529338169
0.0167523319064
0.0112677077497
0.0105241784831
0.0446374706433
0.0188232599127
0.00654555007438
0.00273138014307
0.0308368945971
0.0306209727962
0.0147236619835
0.0199433898083
0.0222117784348
0.039435844157
0.0228384291078
0.00090783269357
0.00218940113103
0.0523023889232
0.0142932584089
0.0215788405251
0.0408695038609
0.0405153423197
0.0463045414588
0.0380451545098
0.0214742858178
0.0486298449391
0.00536152635152
0.0185572728482
0.0120262287994
0.0454772953004
0.0429514798913
0.0323710062798
0.0394745015028
0.0419236857865
0.0367054488105
0.00145699977525
0.00814510423671
0.0426336872059
0.017947490662
0.0165632496948
0.0240292878988
0.0133700926713
0.0148748784678
0.0352176950585
0.0448857744363
0.0274879695463
0.0340662771824
0.0301880539432
0.0251377036934
0.0345459780466
0.0267128359409
0.0136889442145
0.0481085258626
0.00772551425706
0.0255991817554
0.0429398436131
0.0463746624059
0.022323959846
0.0276534717313
0.0297144441696
0.0449505286534
0.034138072568
0.0314804783687
0.0382734648428
0.0509405226061
0.0190291512013
0.0395974417931
0.050391864365
0.0351682465834
0.0334505331461
0.0492293640277
0.0118040343365
0.0295707534163
0.0216587560468
0.0299141047284
0.0143004333422
0.0265151478214
0.00873124978859
0.0472448760482
0.0470934888194
0.0196891875661
0.0384237826114
0.0241122312555
0.0474576593557
0.0216731701047
0.0499677846354
0.029747001118
0.019103806742
0.00331530869788
0.0177237370921
0.0475867487912
0.0171612702211
0.0460147769707
0.0517367362896
0.0438088111672
0.0172176033597
0.00849870588862
0.029238471945
0.0467400328044
0.0280122847327
0.00779280162402
0.0142497473831
0.0408249642608
0.0475101684186
0.0440852214106
0.00314210364083
0.0530194851357
0.0397359016848
0.0179879912815
0.0248979435081
0.0244171699647
0.0415626788099
0.0395347701252
0.044096184326
0.0505121513532
0.0037251809761
0.0225550761885
0.0150070069092
0.0414974181637
0.0152417968503
0.0130069028442
0.0155898025623
0.0394015507344
0.00562144133573
0.0208152483655
0.0182126633234
0.052938947012
0.0172210409604
0.0278426553665
0.0457180395359
0.0153401094014
0.000241693394858
0.0440117136355
0.0533199924851
0.0366616452133
0.00445745565202
0.0236121930542
0.0345344907456
0.00813206383167
0.0407795346507
0.0460440000782
0.0201121661655
0.0534789399949
0.0503874274109
0.0509420045864
0.0137921998775
0.0288873375318
0.0233100343056
0.0339664754999
0.0425979710977
0.0328446617457
0.0170798735074
0.0289990194539
0.0192239113407
0.0474418253036
0.023110394885
0.0185777608788
0.0421705881411
0.00531284613666
0.047930627463
0.0324805292197
0.0348155403682
0.0219441866592
0.0194997317076
0.0178905376964
0.00714593998437
0.0176556790568
0.0090309813834
0.0235102454685
0.00120121460143
0.0135452628721
0.00964415142152
0.0521427138178
0.0255832593578
0.00253359573425
0.0506756028318
0.0383133210559
0.024081947103
0.00285513044378
0.0172382849448
0.0113313166319
0.0471804430457
0.0156736046846
0.00558980643599
0.00484031480497
0.050734110675
0.00192018410267
0.0339655424466
0.0253583332228
0.0195515279401
0.00502293918676
0.0412061636815
0.0359706692501
0.010082433887
0.0485038832353
0.0164175570843
0.0462584125331
0.0480249585113
0.0241298125555
0.00603870187227
0.0434415183366
0.0198400670214
0.0486203419001
0.0121222747491
0.0145148866166
0.0473228026731
0.023746525125
0.0352115529972
0.0426333866891
0.0193860126423
0.0190177603486
0.020964649694
0.0532974435366
0.000923943052686
0.0311442091988
0.0457305131367
0.00463889507511
0.0477351931546
0.0502568216734
0.0171277339062
0.0408541887058
0.0494596418505
0.04017556365
0.0133024581148
0.0246327911472
0.006013597656
0.00248311449293
0.0317236471548
0.0129816413709
0.0246612708239
0.0250424088815
0.0128701014122
0.00890150217769
0.0384757738321
0.0278322346149
0.00613196301073
0.0407889764399
0.00627072076486
0.0124133452744
0.0470820035714
0.0121517940283
0.0318899994304
0.0341580279428
0.032285919922
0.021023028591
0.0106382305115
0.0485286305388
0.0179526184376
0.0435155721581
0.00807720410952
0.0194803575541
0.0370336349389
0.0332583899163
0.0181791384216
0.00733021593666
0.0438751736419
0.0153958386808
0.03694137019
0.0288286235547
0.0424155153585
0.019661437383
0.0352396896226
0.0234491102496
0.0466205181505
0.0323907244181
0.0389139880774
0.0137399084098
0.021513929054
0.0371076590926
0.0273127135637
0.0522563051929
0.0370433919673
0.0430593378203
0.0299575961631
0.0299144295805
0.0236009552877
0.0110369180886
0.00809629204428
0.030598845503
0.0119944884891
0.017540320566
0.0397454932541
0.0247751646709
0.0428942129375
0.029536211172
0.0416398701143
0.0370705067088
0.0341785997609
0.0373935887069
0.0504540982819
0.0365419376703
0.0484233400527
0.00129608515268
0.0064549970749
0.00629014196969
0.00767074312326
0.0170779681007
0.0519783364042
0.0150839338281
0.0078105888331
0.00520683227913
0.023092059925
0.0531693354153
0.035128160843
0.0273467735788
0.0221268594665
0.0145045705604
0.0167904595601
0.0252027902933
0.00406646969082
0.00788342511018
0.0377068170052
0.0078640977438
0.040148983894
0.0272058039357
0.0310651813828
0.0305878369599
0.0243500937293
0.0525838684363
0.0242407336184
9.03075050011e-05
0.00782164138895
0.0137660938116
0.0532068684716
0.048106057006
0.0384750215363
0.0474042033452
0.0474742432571
0.00749693395029
0.0142551143011
0.00327349234596
0.0408735242383
0.0414843192097
0.00298246399659
0.0138319450861
0.0422595981679
0.0158993626495
0.00308294964582
0.00958852893026
0.00144322181938
0.0317234507025
0.0416258908141
0.0362183257679
0.0314807934668
0.0355288831692
0.0126664828893
0.00829806611095
0.0493733916524
0.0332399605749
0.034965266277
0.00259113604943
0.0376114554922
0.00450403713321
0.00338938722999
0.0529777805345
0.0045065623299
0.0343228750777
0.05053786435
0.0229520084007
0.0490473607397
0.0260575788208
0.0436094645037
0.0479267641153
0.0507851182739
0.0276358834862
0.00365423316455
0.0108044068978
0.0468016842048
0.0217826474917
0.030786530792
0.052399147203
0.0154688087098
0.0499334522314
0.00468090154628
0.0210670262388
0.0417414771158
0.0376353400402
0.0204489439476
0.0231633949383
0.0296892236892
0.0205316184991
0.0316097947755
0.0322238425896
0.0144402948657
0.032222085073
0.0286286353658
0.0353384385564
0.0176843858895
0.0526849985422
0.0283077854523
0.0411295921316
0.0468389129006
0.0402168197351
0.0298790196949
0.0504016498119
0.00411653201337
0.0330159924221
0.00875980898759
0.0355172070728
0.0146062544303
0.0434768318384
0.0257128081111
0.0348695849017
0.0344291493613
0.0130930462381
0.0430643993363
0.0214861812665
0.0207965364652
0.00594710115268
0.0497559233488
0.0195185028603
0.00979916744028
0.0331033978631
0.00521801709988
0.00513591940751
0.0437321495113
0.011647946744
0.0272448563284
0.0390435203424
0.0107841562784
0.0189506095538
0.0147079752961
0.0246208238592
0.0410928218149
0.0252707034333
0.00138674752134
0.038340229286
0.0384116256081
0.0388505835207
0.0318168110165
0.0181513693589
0.016968608586
0.0398764915762
0.00747762709204
0.0146666409784
0.0244156810968
0.0465662445887
0.00983537520327
0.00174514431227
0.0381842400099
0.0164255780902
0.0136221752444
0.0108395956827
0.00179955872025
0.0337985287832
0.028917796656
0.0404638289686
0.0198876752988
0.00923743036841
0.0327116070598
0.029231416929
0.00654488982709
0.00563627930415