0.019089076599
0.00726107712119
0.0137521408847
0.000978581675295
0.0263464626761
0.0240911701733
0.00566541585336
0.0341437330771
0.0345538494944
0.0197063811166
0.0388781827522
0.0197799932884
0.0329021099498
0.0438116094512
0.000162228378453
0.0182915665184
0.0200362275753
0.0043765217095
0.00937832612114
0.0215320192646
0.0404421451038
0.00021696504111
0.0464086552548
0.0431337930373
0.0283681447502
0.0484085364424
0.0432215659969
0.0502109884703
0.00704376433986
0.0438523394725
0.0291274735164
0.050996610614
0.033297620418
0.0087129957778
0.0390310013228
0.0442769349544
0.0380713394924
0.0459701702109
0.0327461814361
0.0129127679881
0.0281824754233
0.0108398386934
0.0243698314079
0.0524137553075
0.0241716829627
0.0210506247216
0.0395068821157
0.0169314044115
0.0244195822018
0.034703436321
0.00814376899558
0.00763263952958
0.0226499042102
0.0447709891853
0.00288994916891
0.0456632852559
0.0378941786402
0.0138561767057
0.0346518564054
0.00302582127317
0.0482146004576
0.0120573111308
0.0196485509274
0.00399071811469
0.0286554145882
0.0434201504663
0.0263205234515
0.0498246289197
0.0418876573955
0.0125145578546
0.0113822820452
0.0368049413617
0.0455624782353
0.0302359543122
0.0401012123183
0.0161305023308
0.0145027095223
0.00937814320985
0.029297087024
0.0433257111653
0.0388109434184
0.0189141664985
0.0186732912134
0.0260289031561
0.0245462374554
0.0366138149138
0.0313963887798
0.0019414570214
0.0196362977246
0.0062768243687
0.0339339191273
0.0201328515216
0.0399754184908
0.0122324456049
0.0215413170799
0.0298564234186
0.0226132895863
0.0378818527657
0.014254357398
0.044895862698
0.0108834730511
0.00282707326568
0.0354075011764
0.0161017173776
0.0302895506411
0.0351566292455
0.0375073113339
0.0340022036893
0.0492000478895
0.0038292119439
0.000986221225277
0.0388666556151
0.0103281138822
0.0194119883459
0.0266196392271
0.0319332074163
0.039718335794
0.0105550455065
0.0491879064163
0.0248738391021
0.00703811800172
0.0122407799189
0.0277848805721
0.00100883747185
0.0312413245966
0.0171028722101
0.0329320272139
0.0422435854084
0.0391204164672
0.00243858751901
0.00656996133299
0.034871559983
0.0351710986862
0.0327905197194
0.021454773991
0.036760699234
0.00844828780157
0.032465527718
0.052490095056
0.033978372318
0.0125838204416
0.0432725610682
0.0461839992788
0.0195299329316
0.0265682199021
0.0029282927756
0.0485723819248
0.0384442631507
0.00950512829167
0.0337824118471
0.0276724399091
0.0062292474806
0.0479774182757
0.0460226760113
0.0473489526065
0.0407460435148
0.0369050514752
0.051077798372
0.0117815357473
0.0370207603638
0.00300295752817
0.00598426060362
0.00165878904053
0.0437141605053
0.0118659235917
0.030964146931
0.0487904793418
0.00096044820939
0.0501581265662
0.00253631982939
0.0438199508276
0.00850405090287
0.00851928511317
0.0517650967354
0.0363439448563
0.0465306292084
0.0173453128014
0.0485439598746
0.000737929450979
0.0448558006318
0.00691373425198
0.0268105154807
0.034458445511
0.000897062150429
0.0419036856369
0.0416893549054
0.0436238522926
0.00358444401881
0.0471497059347
0.015180282522
0.00558708937465
0.0451116346593
0.0211030851263
0.043568507787
0.0406298049048
0.0250145565011
0.0158270541432
0.00858589738874
0.0385779931661
0.00431597812257
0.0291665604491
0.0153731301626
0.0160115313883
0.0356705362838
0.00500568583299
0.0207356559319
0.0383929139895
0.0278609024812
0.00710604326321
0.0273154171708
0.0230925044678
0.0200059301637
0.0112904280889
0.0203087121103
0.0297008974928
0.0293327255112
0.0261932048779
0.00850319696145
0.0147287405351
0.0207653521699
0.00770292130841
0.0516167766388
0.0494242026099
0.00232764534007
0.0404583404975
0.0529542372767
0.00162538934821
0.0466884107643
0.011215844173
0.00417935565445
0.0344450312163
0.0361816041035
0.0495655913685
0.0278847179875
0.0152579704836
0.003758563251
0.0317426308078
0.0446577473591
0.00762879373797
0.0281859077561
0.0317445280649
0.0369116844634
0.0198409741661
0.00938472492863
0.0139444174761
0.0214712739261
0.0464849431276
0.00222530428837
0.0128286624776
0.00236471143934
0.0113290411474
0.0285168869719
0.0351058753988
0.0135635410655
0.0147326116137
0.0342088953554
0.00746074109341
0.036475698269
0.00620549704945
0.0148188355459
0.0445517099315
0.0119115951063
0.024432677556
0.00911960945363
0.00628516050355
0.00065688407371
0.022368480474
0.0327415349169
0.0262948756446
0.0481890592826
0.0251326485578
0.0398364191831
0.0518478415576
0.0425314296488
0.0202954636309
0.0491543555123
0.0349628603412
0.0519056073287
0.020433560165
0.00736859809222
0.00432155121911
0.0244410081552
0.0137870579405
0.0275600574184
0.031585643794
0.0172774631323
0.0408054657524
0.0391340341885
0.0131278246816
0.00131234346328
0.0331422273742
0.00863951818788
0.00606389827419
0.0421175425672
0.0532021964475
0.00564531282761
0.00635859243992
0.0208264847769
0.0464195108655
0.0234180546882
0.0148733294816
0.0516897812657
0.0258772149585
0.00181596506803
0.0176511222703
0.0412729900499
0.0512166866503
0.0185298345746
0.0170962001427
0.0494334284784
0.0330424952962
0.0365034719844
0.047991557362
0.0361624250047
0.030321887015
0.0472838256974
0.00655797591739
0.0203495429297
0.0264384837179
0.00674861690326
0.0135936278845
0.0475540047751
0.00254916520378
0.030475993949
0.0383026104917
0.033988957916
0.00714497573998
0.0182213362335
0.0394399694945
0.0475336916553
0.0118982149829
0.0485933469667
0.00841122051949
0.0451395948689
0.0288946312166
0.0466099417202
0.00951722202135
0.0255363128885
0.0241268890126
0.0476908169454
0.0471649872934
0.0489372781359
0.00218468799551
0.0208791565834
0.0444822058408
0.0144414950808
0.0160865781891
0.0444837898221
0.000736885117625
0.0377369575692
0.0454186801746
0.0292165739365
0.00693078571093
0.0321935721478
0.019188065147
0.0293369966786
0.00367091536719
0.00324749554063
0.0132559516891
0.0101678268897
0.0171347745993
0.0322938409514
0.0330648993874
0.0259129724845
0.0391089530265
0.0517115924514
0.0333818805353
0.0146963998257
0.0390101562741
0.0476272453938
0.0216019032197
0.0529835690919
0.0343281744709
0.0177777018034
0.0300645682437
0.00349321493476
0.0307841429521
0.00392587519396
0.0256065118275
0.0066060097841
0.0184611457806
0.0378330298523
0.00774056447238
0.0198659560943
0.0502558076986
0.0478506973144
0.0196356900396
0.00298488608752
0.0522772126042
0.00794065905073
0.0490041750661
0.0396913328606
0.0381188692755
0.036956727093
0.0101571461314
0.0165146617871
0.0290819937406
0.0312566364298
0.0435084747431
0.0149756995017
0.0457324472373
0.0215188811426
0.0160958209392
0.0229265873985
0.0105742742076
0.0113755104798
0.0363408821692
0.0111619326237
0.0394311112255
0.0167367492703
0.030869913237
0.0434863624163
0.0467155769464
0.0246649463451
0.00474971793854
0.0428128661011
0.0231719492064
0.0229668086243
0.0226722473074
0.0241437356819
0.0164125546379
0.000253459847203
0.0315995216248
0.0273934948875
0.0422039494229
0.00691450381842
0.027534225013
0.0399933165284
0.0423907863899
0.0198779591231
0.0188334608167
0.0496781300959
0.0125393510035
0.0461140126489
0.00800526919126
0.0272125641744
0.0303475207019
0.00453302415207
0.0191171241326
0.0124951046665
0.00413018652831
0.00635370610531
0.0401878217974
0.00961064087819
0.0299479426475
0.0157973692885
0.0514661982585
0.0418853662086
0.0266223890676
0.0138402488995
0.0399792574779
0.0390586871287
0.0167432044518
0.0345663122339
0.0506818415923
0.0331277022585
0.0166314166208
0.0153955903541
0.00223070569288
0.0310157388284
0.0510661403132
0.0146493160608
0.0392590445575
0.0284180203615
0.0126615876278
0.0283355455772
0.00776258233078
0.0115907295932
0.0109555455458
0.037387414505
0.00377461437486
0.0232644313087
0.0531116799159
0.0108201491005
0.0105634158545
0.0402870253534
0.0267502759382
0.0171096380749
0.0387132735523
0.0464071276593
0.0281968382888
0.0209237097077
0.050280530838
0.0197619804953
0.040021032697
0.0322096587953
0.0528635030072
0.0416788997783
0.0176786964066
0.0460836327004
0.0260862598013
0.042784233986
0.0312878850736
0.00689173405922
0.0420946992716
0.0239372149856
0.0245939806497
0.0496670391774
0.0452099101785
0.0484271123833
0.0159208089667
0.026033381534
0.0128191469223
0.0503051902887
0.0295531552222
0.017907915352
0.0295346258746
0.0227214844411
0.0251794847336
0.026825724445
0.0216613343039
0.00376513584165