0.031663477
-0.056031197
-0.0020044674
0.053598654
-0.024646325
0.026098702
-0.0011491101
0.07856573
-0.026681265
-0.013813034
0.008182715
-0.0235719
-0.045833897
-0.056224436
-0.010262135
0.044874217
-0.037646443
0.03572497
-0.010285926
-0.019871287
0.023705347
0.10042722
-0.014878208
-0.033081118
-0.04220554
0.013030862
-0.07403355
-0.02650139
-0.017793413
-0.003425718
-0.09322117
0.09092286
-0.0366211
-0.021967914
0.032843623
0.013517503
0.038544115
0.08513785
-0.00909731
0.01835856
0.037859622
-0.049050458
0.026992368
0.020058203
-0.024538584
-0.038411405
-0.09913612
0.009590566
0.019315058
-0.018957073
-0.040945224
-0.0064956974
-0.09477829
-0.046552457
-0.09826333
-0.080059886
-0.007614027
-0.03382267
-0.023990126
0.016588118
0.06701116
-0.084341794
-0.046097167
0.040245883
0.028484754
-0.0067936447
-5.614701E-4
0.0035924516
0.08671069
-0.034945946
-0.09214571
-0.014502724
0.018342458
-0.053455666
-0.060277365
0.012873869
0.029957011
-0.035108037
0.008578128
-0.019591166
-0.020548929
-0.03125809
-0.05788404
0.05925679
0.043145508
0.13212128
-0.030847663
-0.032691777
0.03420793
-0.038167216
-0.009264299
0.035650823
-0.031389754
-0.054309063
-0.013290397
-0.03663551
0.009421139
0.024336025
-0.096648425
0.02716261
-0.025502715
0.045373596
-0.055714436
0.0187758
-0.07395032
0.047108483
0.005091215
-0.065101884
-0.029058063
0.013320075
-0.02111665
0.02612861
-0.0711069
0.015730264
0.061952762
-0.042988017
-0.038248744
0.105491765
-0.02908861
0.020494215
-0.033245742
0.036029827
-0.12002838
-0.01162621
0.0027991806
-0.023628622
-0.0020189085
-0.012261243
-0.044058308
0.025734877
-0.059065543
-0.014031551
-0.010949059
-0.017329419
-0.021680867
0.008192238
-0.026962448
0.019782754
0.0063527
0.009053437
-0.021524409
0.075335674
-0.033095066
0.044637326
0.02237341
0.054548576
0.03154213
0.026643148
0.0067006266
-0.021546712
-0.022982374
-0.0063571553
0.040347528
0.032408345
0.010468704
-0.024872571
0.011050162
0.036051437
-0.026600135
0.062526256
-0.06436551
-0.011373224
-0.07642238
0.029028116
0.022338314
-0.0026673456
-0.00820665
-0.008199863
-0.014774975
0.030462792
-0.13289346
-0.0044854656
0.006618666
-0.003642648
-0.056848
-0.018762477
0.023954973
0.010542998
0.01445863
-0.06149632
-0.041724265
0.005232598
0.006718629
0.058071256
-0.01243819
0.0124049885
0.051795345
-0.0140087735
-0.021057678
0.033649325
0.047911685
0.029643213
0.0067762192
0.0051002395
0.013649381
0.06516257
0.04579792
-0.051197976
0.016809972
-0.006190787
0.04113269
0.020096336
-0.04145503
0.05209546
0.058316182
0.019257693
-0.011217602
-0.02553332
0.03775015
-0.05068427
0.0022483487
-0.086002365
0.0039644046
-0.04504034
0.015001229
-0.007826108
-0.00816146
0.00637794
-0.10772012
0.049462147
0.030045507
-0.06997156
-0.037231714
-0.03064115
-0.04284363
0.007980217
0.006745693
-0.02368536
-0.030236896
0.0545173
-0.05324001
0.115881346
-0.017110072
-0.014169005
-0.024193192
0.052114975
0.052030835
0.008357122
-0.0359407
0.027946787
-0.009053244
-0.06359927
-0.039812792
-0.018990392
-0.08310206
0.05322442
-0.06434393
0.0038461306
0.009443573
0.021273034
0.015457765
0.030831514
0.035843663
-0.018478742
-0.012961318
-0.022889106
0.017537056
0.068227254
-0.0025250283
0.0106178215
-0.011550281
-0.04148433
0.008073303
-0.0022088948
-0.020534294
0.045715865
0.010111553
-0.014985778
0.019798853
0.059912153
0.04031119
0.043586094
-0.0143966265
0.00886893
0.05215393
-0.03794583
0.05793366
-0.010499504
0.038350593
-0.043546353
0.057962324
-0.032953378
-0.0350147
0.030839805
-0.039023295
-0.06845738
-0.0034222885
-0.017825317
-0.024574824
0.054128077
0.029319603
-0.0146037
-0.012471139
0.00368996
0.07526972
-0.03594137
0.015657714
-0.07111207
0.09209822
-0.0049821152
0.09618957
-0.0022501347
0.06833616
-0.037358414
-0.017660268
0.014025385
0.04244175
-0.03207251
-0.06783756
-4.6745577E-4
0.06787757
0.032686032
0.036161527
0.04976903
-0.008588159
0.07154577
0.0033257145
-0.010272637
0.0592983
0.009718819
-0.020400187
0.05878581
0.009914861
0.013304905
-0.023622142
-0.07291426
0.04373041
-0.039102413
-0.024802458
-0.06669498
-0.1056924
-0.039274458
-0.0044417633
0.0075930604
-0.028948896
-0.011549005
0.053853035
-0.07170584
0.04332754
0.035593696
-0.020003915
0.057497934
0.029158454
0.04784927
0.013848306
-0.057730738
-0.010955083
0.038375635
0.03669335
-0.024775669
0.048469014
-0.13990013
0.05945084
-0.023255508
0.020797836
-0.024564313
-0.030466398
0.020002555
0.06448415
-0.018207213
0.060083654
0.032278996
0.06708208
-0.069414325
0.023210958
0.004346891
0.034178793
0.027966522
0.05823885
-0.0341563
0.0451115
0.021551486
0.009426109
-0.045280892
0.051505677
-0.012236088
0.03866732
0.02440696
0.024280705
0.045846537
0.0011412787
-0.04977219
-0.009134643
-0.010441385
0.05822776
0.011472613
-0.08404985
-0.0066077537
-0.09778192
0.068608865
0.066720344
0.060287435
0.0026987768
-0.027400345
-0.06537484
0.051638577
0.020426622
-0.02491051
-0.002482983
-0.001682799
0.09642476
-0.029273733
-0.069616
0.058568157
0.0043633315
0.0073382333
-0.06333786
0.0620308
0.033251714
-0.03378686
-0.04931444
-0.05986532
0.043568622
-0.031982448
-0.04318305
-0.040851653
-0.015106658
0.023540294
0.0054916404
-0.043256007
0.044678185
0.075756855
0.0071412385
0.04704368
0.07425326
-0.019244334
-0.035223402
-0.008955649
-0.045124386
0.05830251
0.0027746812
0.005841093
-0.013770633
0.030600544
-0.01841972
0.010342353
0.053083677
-0.09405989
-0.004663541
0.10052744
-3.784141E-4
-0.0032291247
-0.0708653
0.013536067
0.14175266
0.05083084
0.024654076
0.071599685
-0.029225372
-0.036391784
0.024617724
-0.019201797
-0.010263218
0.046091538
0.09125948
-0.03200065
0.09004022
-0.02507911
-0.007533292
0.020131852
0.029910168
-0.029088441
-0.013210114
-0.05215215
0.041922145
0.004717417
0.016531339
-0.007490856
0.062441368
-0.033017464
0.0020747317
5.1340612E-5
0.00967368
-0.080219805
0.03350685
-0.050404936
0.008945803
0.02976058
0.0045441007
-0.07044413
0.0040005124
-0.10828445
0.056941982
0.05454077
0.03245594
-0.014404173
-0.054403838
-0.042512413
0.054752924
0.034499176
-0.02265354
-0.05984154
0.050979048
-0.02224922
0.014129507
0.016388878
0.016898008
-0.093819365
0.06533041
0.024581062
0.041136883
-0.018554246
0.032261465
-0.068212725
0.037330575
0.022018043
-0.028791448
0.048147373
0.060020447
0.007873268
0.006562722
0.06060518