0.0448173537195
0.0260941950276
0.020055644011
0.0317702003808
0.037205937938
0.0254745030886
0.0357471760276
0.041206352809
0.0101337264104
0.00633739892206
0.0402322145837
0.00134247212485
0.0365213257462
0.0140095578284
0.0166150958009
0.01158985453
0.0495626552925
0.00516803936942
0.017692983109
0.00194798796124
0.0491633738308
0.0370619035748
0.0446227810512
0.0432769208732
0.0273519756181
0.0299243096407
0.00748037654812
0.0446805944127
0.019811713189
0.00569849792112
0.0459760655244
0.0322898791311
0.0258799387428
0.0490431273594
0.0508759853116
0.0506932920737
0.0417673590269
0.0119729603212
0.0331943017579
0.0287588982918
0.0165997241256
0.0480313662776
0.00870317565901
0.00205251304984
0.0307613960546
0.00805286957959
0.0492243814354
0.045911581845
0.039627048658
0.0157551803575
0.0460307517477
0.050204818185
0.00451260862331
0.0391718791255
0.0044890988973
0.04409633678
0.0424714609419
0.00666137687201
0.0236079717743
0.00149678461159
0.0201783675232
0.0515402257218
0.0464147154718
0.00078625675403
0.00520915278804
0.0336442339338
0.0493429501969
0.0209827402433
0.0389949977559
0.00738040921043
0.0111103088991
0.0535065636147
0.02199479103
0.00926256617424
0.0334439082184
0.0375829852564
0.0365404553561
0.0100202877116
0.000953697355767
0.0482239145961
0.0272440293635
0.0360022849283
0.0479691246303
0.0189668427243
0.0245308978476
0.0501849818113
0.0143573365243
0.049304125189
0.0286570229313
0.00102052260971
0.039690474204
0.0280674463896
0.0153273601129
0.024829632227
0.0288434138422
0.0310572729428
0.0348739443707
0.049158211696
0.0192170410332
0.050525200101
0.0218968876116
0.0431503245749
0.032272047293
0.0529527828198
0.0217395036832
0.0493809396899
0.0505954955177
0.0185043628908
0.0472659917309
0.00672095632426
0.0358572025339
0.0270040369215
0.0479580398462
0.0264442312691
0.025921519935
0.0414384218331
0.0040726706805
0.0390418985798
0.0343096925811
0.0409257198462
0.0372511798041
0.00088791354142
0.0198011154037
0.0529156232389
0.0530834708968
0.0133224389153
0.0338463182641
0.0287786094707
0.017007532471
0.0470627752775
0.0432518290176
0.0185482003608
0.0484956767853
0.0340916467185
0.0356711526105
0.0524076685301
0.0360048659676
0.0130169338926
0.0541744528397
0.020004120511
0.0217918050659
0.0304080833116
0.0109264260178
0.0461709670009
0.0520037256579
0.0347067484149
0.0181912797961
0.00164371526547
0.0382997091398
0.0310455556798
0.0240051539497
0.0112782196989
0.0070927906992
0.0506122200056
0.0402569634634
0.0334574880385
0.0370084234843
0.0444709166926
0.0466628323238
0.0337669755196
0.0348501903756
0.0246259089506
0.0315632554984
0.0413475477903
0.0206352723462
0.025055466153
0.00695027665187
0.0296137864156
0.0396629600102
0.0110217206891
0.0430657662346
0.0372944490168
0.0290655707629
0.0102483189296
0.0257988655112
0.0417226386271
0.0512526977813
0.0108700495767
0.0207705956132
0.0353522475679
0.0307060678428
0.0387386581299
0.014981277174
0.0146233840675
0.0244614231969
0.0268433111438
0.00514520082318
0.0171962984315
0.0477667810885
0.0403096402075
0.0435682655241
0.0488444819942
0.0451147363784
0.0267321167371
0.0480082527009
0.0481942927468
0.0273007041389
0.0504588436904
0.0416627943092
0.0155200316921
0.0380119164764
0.0172901662459
0.0316078244225
0.0471196816117
0.0263839514131
0.050938461097
0.0164006222744
0.0114760820803
0.0142591019548
0.0251337208477
6.99748260205e-05
0.0288717001454
0.00140730502559
0.0185318520574
0.0134440508225
0.0436315103253
0.0143157864511
0.0148914843635
0.0128392834732
0.033773149663
0.0532468079215
0.0442787282034
0.0306374822823
0.00997457854083
0.0449042122313
0.0264739772575
0.0225600067955
0.041628212599
0.0395372930505
0.0329243350208
0.0463214887176
0.0239652272598
0.0501113378917
0.000151362933545
0.0428014504669
0.0170283165026
0.000883613760033
0.0369033976357
0.0191107229997
0.0348958567584
0.0111429064533
0.0105786616311
0.0176337674363
0.0499977298338
0.00869454675511
0.022224272592
0.053170349134
0.0424667351102
0.0366626322659
0.0208003558659
0.045717542418
0.00883906740516
0.0271119680898
0.00778974411545
0.00790800048257
0.00761742384486
0.00238574310096
0.015505119305
0.0148478511967
0.025258114869
0.0217761061204
0.0128274501128
0.0333916844643
0.0272810469701
0.0490926649749
0.0183139465346
0.0215010922381
0.0509395322875
0.0467542472861
0.0393522046946
0.00898628550667
0.0205685352287
0.0495477191126
0.00374327364885
0.0278973849183
0.0538278917007
0.00938891526544
0.040535696416
0.0152504673852
0.00812986586
0.0371531313952
0.00174876899875
0.0381921124659
0.0241842385465
0.051755256827
0.0111765283764
0.019048934528
0.0322377916509
0.0428146445104
0.0281776125592
0.0191771266946
0.0161187870994
0.024741166968
0.0512328361227
0.050406355131
0.0250259333469
0.00836871956634
0.045218710126
0.0421603638573
0.041750671725
0.00669195743225
0.00835376399814
0.0419241305351
0.0354108097859
0.0105619913405
0.0222079850439
0.0377698847183
0.00425524762168
0.0165637116101
0.0389568590317
0.022553332243
0.0493322453855
0.00548854293166
0.0161302419781
0.0149962413162
0.0283439610028
0.0493976863924
0.0396808656851
0.0279615186189
0.0190254137248
0.0326020576331
0.0370886011363
0.0226320754294
0.0277422484249
0.0328212673488
0.0321629263319
0.0112734877522
0.0314552908895
0.0195240286423
0.0541641314201
0.0145114534648
0.0091603924408
0.0314240945671
0.0455973020891
0.0227719121433
0.0215613668684
0.00840679784864
0.0534165719855
0.00182248807674
0.0137113814901
0.00205335370999
0.0371742500523
0.0424167543411
0.0132747265801
0.0359752842974
0.000209276016158
0.00930052586062
0.0428638171185
0.0279878179233
0.00386206260569
0.0189876426223
0.00145293715501
0.00933977144099
0.0151171102684
0.0162400931962
0.0410291913255
0.00810429780601
0.00666937491213
0.0105816277351
0.0135677694209
0.00247661103689
0.0186297110389
0.0070251077234
0.0402414728874
0.0168611166151
0.0481224304396
0.007753478384
0.0519481389228
0.00514073626471
0.00862820693755
0.0486993656365
0.0182662980799
0.036458882027
0.0510815664612
0.0285986246858
0.037314536792
0.0114892121246
0.0441962416263
0.00238992780334
0.0190907530594
0.0253077347226
0.0335655091669
0.0436111019872
0.0133026649336
0.048730813163
0.00475139725342
0.0361959977106
0.0446884076761
0.0101660706351
0.0524399513758
0.0485172870769
0.0313342766155
0.0530752424582
0.00443059835398
0.0366563885389
0.00819933633097
0.0465266657216
0.0088589743624
0.000110004982131
0.000573844008488
0.0148811565558
0.0310928745526
0.0307653480551
0.0468247409194
0.0297160931634
0.00380021317552
0.047014382478
0.0239699748707
0.00821888352491
0.00723756718342
0.0168659331023
0.00888120281295
0.0392541902954
0.0409549850721
0.0139234656258
0.0514630243063
0.00551423699674
0.00766745518055
0.0427109284483
0.0348561602659
0.0477729117109
0.00963834888131
0.0511854047251
0.0245899515714
0.0283158392243
0.0321124466427
0.0385071739508
0.000273008085765
0.0423115137941
0.0268402539153
0.0234184894006
0.0271910064595
0.0236100787759
0.0232521588904
0.0462631580007
0.0370793218376
0.0127357342555
0.0305825333624
0.00522415431192
0.0052549182214
0.00717927288349
0.0010256155698
0.0351678248923
0.0437907873713
0.0405392544154
0.0319377923239
0.023306960741
0.0119211565223
0.0301520492595
0.00834727796633
0.0451621335577
0.000987068787548
7.88360436508e-05
0.046895950355
0.00932595901174
0.022131279462
0.011160410467
0.0308229415427
0.0152188435914
0.0174257993128
0.0108864506194
0.0464796345602
0.018163746145
0.00926477202993
0.00785658200358
0.0231343970365
0.0150597264813
0.0516383018222
0.00338606069688
0.037569896554
0.0344292776449
0.0135838964206
0.0225646047982
0.0253534661307
0.0423413873582
0.0540859618999
0.0427564200175
0.00637158475726
0.0243030171845
0.0326615845824
0.0461996146924
0.0282152787346
0.0144737634034
0.000306280654057
0.0233098277906
0.02799750021
0.0525769222371
0.0536951903499
0.00207532321376
0.0364731795526
0.0225314649125
0.0105361645468
0.0291509595525
0.000446461558164
0.0372410004441
0.00426830349215
0.0485545629533
0.00599628404724
0.0295603808378
0.0405675608865
0.0315941878777
0.0432608501102
0.0331929605507
0.0484230741649
0.0344031615842
0.00518437678783
0.024808940348
0.0438001587074
0.0454810844911
0.0443486179078
0.0116079350436
0.0226595945185