0.0362798769845
0.00030548006314
0.0448096835556
0.0467021018096
0.0534184099432
0.0113102500545
0.0409531910129
0.0132210541788
0.0372423056458
0.0322686348135
0.0433181455336
0.0340945981841
0.0507096699099
0.0124686935923
0.00300404965329
0.0121448320743
0.0172767778296
0.0191011535452
0.0348282139975
0.012046491904
0.0442010800026
0.00967103797741
0.0344426644984
0.033971503372
0.0165326391207
0.0442234937183
0.0494138777377
0.0122790716172
0.00702072048635
0.0399128961403
0.0216217698555
0.0530521112695
0.0522439843841
0.00596143943099
0.00204375448348
0.00817436943143
0.0355000590535
0.0149358484829
0.0152676962073
0.0332816511019
0.00279065917327
0.00446659950213
0.0273949237581
0.0400013623784
0.053079343543
0.0185687804004
0.0161734817816
0.0311866871755
0.0372505862475
0.0489832186091
0.0309496781534
0.0523023710575
0.0486888251678
0.0420698528419
0.0493074536455
0.0136165938968
0.00348834707096
0.0170571367252
0.0204568543973
0.00635413246927
0.0511512299323
0.0204704346335
0.0170074255704
0.00497652163002
0.0502145436844
0.0329140850954
0.0400220282892
0.0160028561831
0.0374356416805
0.00525937256013
0.0234244428497
0.0334550288177
0.0315536412171
0.0133035138473
0.0168179087924
0.0421768224821
0.0295586836515
0.00621165363719
0.0318808590116
0.0196417182668
0.0118439625348
0.0042242687743
0.0120181566711
0.00103555282449
0.0381164972977
0.0144909139756
0.00268106680925
0.0230037001792
0.0284567981172
0.0423761284178
0.0158754951004
0.00241211589441
0.0362923158292
0.0176002520919
0.0233989614799
0.0328127825897
0.0310661420193
0.0306402761772
0.00881367282726
0.0466173086175
0.0056110269684
0.0171244053072
0.0446405355488
0.0444437239353
0.0510332052335
0.0466213658234
0.0467997665402
0.00820778273849
0.023804101349
0.0287646906061
0.0193357680943
0.0202908665515
0.0473349511404
0.0183002363809
0.0440771222237
0.0487940756505
0.0511132413222
0.0326206970091
0.0182223601496
0.0332644583663
0.0503638194879
0.0380052224494
0.0484491900051
0.0261607193226
0.00586387845
0.0203197950574
0.0421597897507
0.0417532680123
0.0064787384958
0.0337994162773
0.0260115797288
0.0126684194298
0.0143446584934
0.00529302584461
0.0202727785254
0.00942495313728
0.0330255187359
0.0254473038905
0.00336270498815
0.0359760058449
0.0426960377606
0.0519343523025
0.045071257755
0.0319014896399
0.00329125438365
0.0319763365551
0.0237696543142
0.0411976840542
0.0229060189604
0.041932958499
0.0192127204756
0.0409701421242
0.0378957908775
0.0296491497731
0.017903604887
0.0120222392039
0.012907466724
0.0325258427583
0.00754718740824
0.0222155301104
0.0222257395355
0.0327955752352
0.0431595957658
0.0446160378439
0.0322261376707
0.0026980956692
0.0159126506517
0.0351355262596
0.0315918446776
0.0142752463932
0.0151458168438
0.0151189651149
0.0274446548323
0.00379981567121
0.0124542760099
0.00769663404422
0.0372522896013
0.0221419534636
0.0252947758028
0.0347204184998
0.0362570185678
0.0143250956977
0.023466283352
0.052462314929
0.0302290374716
0.0357361941024
0.0222519177658
0.0418234706053
0.036041137958
0.0410020658516
0.0198058618459
0.0465458458133
0.0138914913818
0.0411251819854
0.00249185870147
0.0243882011695
0.0235805671181
0.00481503114239
0.0493087861576
0.000985184724353
0.0187924057775
0.00454221711787
0.0244671480821
0.00878372326351
0.0149866549304
0.0477255299221
0.0129265592889
0.00698988704478
0.0361362623101
0.0415184397448
0.0165863438113
0.0269451548606
0.023467153111
0.0136803127583
0.0282912330306
0.0253601459214
0.0351340113482
0.00104148780532
0.0348368256163
0.0381783337542
0.00378859160243
0.0170690938452
0.0501174471959
0.0313283610578
0.0497539793907
0.0442222821483
0.0384794918824
0.00151438506299
0.0414009479113
0.023156779063
0.022485508458
0.0103315943716
0.0409722191487
0.0353062485221
0.0471841406166
0.0229812206094
0.0410248026176
0.0431789871148
0.0398523441261
0.0329459467784
0.0274348279428
0.0351063091822
0.0369767144244
0.0331457610041
0.0536597000833
0.0242600785228
0.01955502302
0.0455178415849
0.0105169518045
0.00610151946339
0.00276918249504
0.00625037107831
0.0148211439498
0.0537038297405
0.0522326554189
0.0273005946987
0.0254806978875
0.0454470809572
0.00388936786083
0.00319348029543
0.025408871725
0.0073492676224
0.0123326700675
0.0426502372467
0.034365137691
0.0311747103035
0.0230708748805
0.0408564499493
0.00892744328893
0.0518623303021
0.0367214850514
0.0422426697811
0.0268463649375
0.012657986014
0.0341253906384
0.0132686665374
0.0378151660937
0.0187178908393
0.0242560585555
0.0481864984568
0.00805795863558
0.0259729714479
0.0367383935448
0.0426043549417
0.0503026515772
0.0359462431412
0.0391678921129
0.041761803702
0.0433390923201
0.00765327197509
0.0279316539819
0.0327012942407
0.048549061219
0.0465980666718
0.0229845785732
0.00711096618931
0.0150212675077
0.0282211270573
0.0447426397385
0.0457000265636
0.0536019122169
0.0358601995292
0.0464007094799
0.0286684263222
0.0165052544312
0.0329331577655
0.00383610642583
0.0473407700458
0.04589969819
0.0396059888264
0.0127163392642
0.0505836147707
0.014460914601
0.0471935253845
0.0476381174116
0.0198083311367
0.0275890321524
0.0250548408923
0.0217746232719
0.0409011205196
0.0475451077201
0.00249421614578
0.0195915175393
0.0419548916356
0.0229307107469
0.00963040354376
0.0268741490728
0.0439831618589
0.0526468558981
0.024273792009
0.03893847588
0.0154570218128
0.0191483839124
0.0419022911626
0.0395540477495
0.0528932295185
0.0290377015225
0.0452815589379
0.00180613100728
0.0209389698834
0.0411518456251
0.048295554902
0.0387006449001
0.0437543998735
0.0229035912396
0.0476564277176
0.00574135741706
0.0309350556488
0.017235092827
0.0190508616677
0.0489568905154
0.0502915595827
0.0198024013406
0.020676589117
0.0255024722348
0.030943816557
0.00445092620454
0.0339511664821
0.0256644662248
0.00743772859522
0.0469858019492
0.0341170730261
0.0454655309761
0.0372753461707
0.0489177955099
0.000861004272533
0.0161960968202
0.0496934374441
0.00966128707126
0.0108610544467
0.00142131495946
0.00195738370089
0.0399717031071
0.00531474661218
0.000830165438142
0.0283920134434
0.025895992379
0.0148758976672
0.0369923094656
0.00911485440572
0.0456056473098
0.00471440580619
0.00499812642043
0.0220842270209
0.0345445882932
0.0192227132607
0.0337589990882
0.0518066928607
0.00506941783556
0.0138478221957
0.00133991959009
0.0185539148449
0.0412126802215
0.0443631121962
0.0441655467168
0.0281487062794
0.00160285605457
0.0477802340218
0.0458256376353
0.00994234930201
0.0120698024336
0.0255898738997
0.0448725867701
0.00825473682143
0.0311364225384
0.0076633454419
0.04098567321
0.0119914752845
0.0248108639652
0.046300739952
0.0110357766338
0.000614294627881
0.0222378363298
0.0135657963792
0.0516573511343
0.0311472319965
0.00339639413473
0.0318656847116
0.0290217727713
0.00308267710564
0.0357764753387
0.0360274142864
0.0488212081075
0.0422949105409
0.0512533693554
0.0119268735346
0.0295724321756
0.0270436238136
0.0440606538789
0.0240777087686
0.0180329182897
0.0428091808804
0.0413099649938
0.0106366881143
0.00162675892721
0.0361444550554
0.0377193921238
0.0088428687498
0.00383114746693
0.0249767821246
0.0042191577349
0.029512870691
0.00401027083225
0.0527733517724
0.0288796383927
0.0423660386164
0.0399386457267
0.0420558644323
0.0341980331517
0.0467173252803
0.0180315059809
0.0197786127323
0.0187198932428
0.0383415494329
0.0151655621261
0.0193034328694
0.00397630618111
0.0398243504227
0.0129563143597
0.028400681015
0.0101955207114
0.04191756759
0.0344974044367
0.0250704413402
0.00896632841805
0.00749296031333
0.0262089864984
0.0460607708698
0.0298949905953
0.0297343587404
0.0316839199902
0.0163974338376
0.0409087947527
0.0065585489575
0.0411065756135
0.0331005449953
0.00753580184519
0.00655246802808
0.0298432247969
0.00651402787035
0.0354236354085
0.043819557157
0.00634722165732
0.0494996993026
0.0349415278669
0.0480725203681
0.0272335400898
0.00575793046445
0.0285357917586
0.0243770387968
0.0529314760511
0.0173662038608
0.0513585062279
0.00572730779666
0.0203677383739
0.0436916056891
0.0233253416672
0.0284233000781
0.0356255565102
0.051099642666
0.0212886670657
0.0114737740588
0.016400867761
0.0169009279781
0.0379080729877
0.0410473976516
0.0267268954395
0.0535255948087
0.00930164736609
0.0135808986022
0.0438268325855
0.0450085071568