0.0380629758582
0.000584754314447
0.00720205693022
0.01974742786
0.00225995019958
0.0287739742603
0.0209784075744
0.0258502454328
0.0365002312169
0.0503930327169
0.0534889106109
0.0280359542661
0.0480321376378
0.00153069684438
0.0254398248469
0.0496112907951
0.0163051735911
0.036829171735
0.0062021287896
0.0124814403741
0.0161107968874
0.00274308752875
0.016012254869
0.0225125991668
0.032069744533
0.0349847127471
0.00474556344803
0.05200933631
0.0440380196888
0.0478687883526
0.051580303808
0.0445101679601
0.0436743550163
0.0344644345292
0.0250979336827
0.00685045789411
0.00550744257066
0.00361004662522
0.0266533665882
0.00526826749583
0.000453962337457
0.0194628288246
0.0171664961534
0.0230356178784
0.0501007039052
0.00826555168453
0.00532669713391
0.0120346038813
0.0357890699885
0.0185380384735
0.00368526599075
0.011554719595
0.0153835523117
0.0116457746407
0.0370756526769
0.0542708692433
0.0369897686924
0.014817444172
0.0294823272892
0.0494621799572
0.0380230643089
0.0248151689687
0.0476932253783
0.0121146914806
0.0439319198727
0.0092815481326
0.0112392513872
0.0488010230861
0.0264191801946
0.00196376869575
0.000675712010756
0.0206472526446
0.0290403878894
0.00143408894934
0.0314056886299
0.0106663648166
0.0421670665022
0.0051944355583
0.0444804538717
0.00119698971148
0.00952764889805
0.0389160340768
0.027793145935
0.0214630771998
0.00116567517609
0.00474315926587
0.0346144706848
0.0316710571927
0.0410516078973
0.00557369548053
0.0243673619523
0.00789772489283
0.0500103691167
0.0327791397705
0.00328663348907
0.000115086343813
0.00838715484613
0.0523638195946
0.00179840888869
0.0505061028396
0.0016393500181
0.0437729198608
0.0315951985466
0.0343621079277
0.0540712612858
0.0351367822106
0.0486382205526
0.0474740676974
0.0201970132397
0.00264400109972
0.0358163521854
0.00913215363578
0.0193081120567
0.00584450755977
0.0234994638194
0.0242591054365
0.0385398054338
0.0291748422427
0.00464971818211
0.00293071517925
0.0481554646637
0.0106062358946
0.030141765523
0.0241174694753
0.0396078324615
0.0462306021099
0.00879558776471
0.0487554074332
0.0545715907279
0.0132415545275
0.00144510931369
0.0365546954315
0.0378923162707
0.0316329465375
0.0275762267546
0.00664897485391
0.0525008322729
0.0123064136081
0.0356069915019
0.028674245527
0.0511139374985
0.040974044403
0.0227413515629
0.0404394891686
0.0523951039976
0.0101879370417
0.0374060237729
0.00429551906493
0.0318966714601
0.00566368254263
0.00637456263611
0.0243388088741
0.03931077017
0.0152249709258
0.0487076772289
0.0412841602141
0.0292608715857
0.00368612829831
0.00446944577248
0.042590957333
0.0348047201323
0.043485424776
0.043505975395
0.0140659070437
0.0354837282394
0.0102253267345
0.00892096305048
0.039443371632
0.0513875194695
0.0018910887607
0.000734252121762
0.00416728138994
0.0349507092221
0.0249211450594
0.0156363732304
0.0128341998747
0.0410354964135
0.00191580197438
0.0150516830706
0.0219106980354
0.0352552792521
0.0155630478129
0.0451704192189
0.0113485119999
0.014674905827
0.00689893749912
0.00504398788184
0.0479539537802
0.00544714311277
0.00788330889892
0.00406131010039
0.0226910750053
0.0197162832629
0.0303546790425
0.0260413057094
0.013660060047
0.0190272985614
0.0126189018487
0.000478473560981
0.019960694075
0.0205717802231
0.034565084167
0.0367878662466
0.0346169285525
0.0449834617146
0.0224611605466
0.00183871509511
0.00368997507889
0.0127709486696
0.0285207450068
0.04686830537
0.0257350466354
0.0227743799136
0.00663215152967
0.00329911647005
0.0420204171079
0.0172960100211
0.0333559519146
0.0160582873853
0.0134470404327
0.0372375523296
0.0434505018873
0.0472784983495
0.0268278601117
0.0462161101162
0.0155726016165
0.0149669858193
0.0336618233117
0.0523747685092
0.0494557626996
0.0142501354216
0.00406238993095
0.00580251219531
0.00767149136662
0.0291831309015
0.0316869752385
0.0354327731156
0.0115478320902
0.0275933930257
0.0434542590271
0.00666105074651
0.0205976105642
0.0546306169944
0.0135130964257
0.053091737076
0.0492071832982
0.00578675055177
0.053920245932
0.0288040032821
0.021549123428
0.046498515536
0.0411741821061
0.0523246805413
0.0141714216019
0.0119442513114
0.0502712865828
0.0197822543226
0.0295631793008
0.0339527932291
0.00384190262242
0.0263034312692
0.0368151567366
0.00939027156513
0.0305759783671
0.0327242682621
0.0407357313641
0.00438265638735
0.0549578662595
0.0470818217562
0.0298256027638
0.00671320782967
0.0332258860568
0.0140385865461
0.0130521094838
0.00302366175872
0.0331310368872
0.00550497800987
0.0353999949885
0.00688299431915
0.00101616733253
0.0240922726755
0.0065970447466
0.0529399583635
0.0457612485146
0.0342212145541
0.0273230961883
0.0245951562765
0.00740555590044
0.0133036535139
0.0182001911825
0.024741669786
0.0334617218913
0.0488643142714
0.0326830358492
0.016040768659
0.0304070848424
0.0201991344356
0.0140304114894
0.0439408732821
0.0154187664042
0.0168480497257
0.00857503876752
0.0295591528852
0.0438810280008
0.0246373826913
0.049911663551
0.0221118610375
0.00781408055342
0.0502012635801
0.0256800115893
0.00483016576652
0.00953413248739
0.0112598617098
0.0381308948225
0.0317430973517
0.0437718125127
0.0312301921927
0.00960886068109
0.026926970183
0.00920643772472
0.0420742128206
0.0229728312147
0.000851957622197
0.0331324717524
0.0431199905549
0.00196384235819
0.0368307260152
0.0359974004529
0.0166672787071
0.00381009889481
0.0213679573685
0.00615954557974
0.0295169944349
0.00470156663824
0.049891689303
0.00792168962012
0.0275850296296
0.000140766193636
0.0168940824038
0.0152134322331
0.00504188669603
0.0251800218852
0.00249079161553
0.0264224637751
0.0507061834993
0.0266531062913
0.0323085304739
0.0533147743643
0.0283564836821
0.00439911390175
0.0423756714983
0.019446021869
0.0491548147271
0.00352577316175
0.0461997219031
0.0045749965418
0.0233755509503
0.0254157559198
0.0423565455754
0.0237157517278
0.0500426238255
0.038467307277
0.0171551039878
0.0107998379468
0.00506333460339
0.0524329638982
0.0103465221322
0.00941661872742
0.027822326899
0.0480257964742
0.0119201222777
0.00942561649507
0.011311582425
0.0321617918011
0.0492328483699
0.0498897545618
0.00767574761318
0.00142002094013
0.00861736949451
0.0542062844895
0.00312008222142
0.0132348886146
0.0506663138661
0.0419378328405
0.0234026795581
0.0301520102941
0.0532808514335
0.0104322096162
0.0498913633568
0.047142557375
0.00945495365143
0.0177967984031
0.0450776235052
0.0129705463521
0.0235341705496
0.0207781698296
0.040192575796
0.031469040257
0.00850988338332
0.0467158737017
0.0262063280931
0.0385229776027
0.0526421246066
0.0223752565352
0.0438039579983
0.000989890099029
0.0210467671612
0.0160018334928
0.020112164961
0.0164201937023
0.0193436587987
0.0286243339562
0.0282091906632
0.0407439669284
0.043322967294
0.0196023373427
0.0180228973522
0.00438681366087
0.0219398197778
0.0379380139684
0.0442314354459
0.0212442743113
0.0234877073672
0.000245912836529
0.0379618029817
0.0476557000945
0.0360076750843
0.00464588738598
0.0101851206237
0.0525815211811
0.0462823035768
0.0297609185982
0.0509335372289
0.00498788249508
0.0445811688284
0.00977266097371
0.0544500885525
0.0237086469249
0.00792073241447
0.0469161619576
0.00814950560098
0.0402035770056
0.0487752589164
0.0230764227181
0.0106964414848
0.0161302624546
0.0236819024701
0.0137982347387
0.0492096756689
0.0417090985237
0.0361477965621
0.0110839943818
0.030495561641
0.0388219694333
0.0341766572824
0.0256482821801
0.0031704294117
0.0214772515948
0.0392143046157
0.0547551255621
0.0384120282347
0.029426819937
0.00981676077676
0.0472169346171
0.050232697156
0.000918330154063
0.0304452221545
0.0131953529119
0.0215570063745
0.0326214164538
0.0437927627432
0.0460518626025
0.0324917791489
0.0290193912504
0.0179806201919
0.0405315342222
0.0459401215302
0.01159912523
0.011192768204
0.0460258742639
0.00661086995758
0.012172904646
0.0535595841776
0.0514561734015
0.0116352190674
0.0251340416347
0.0237951347732
0.00635346660072
0.0482275417693
0.0503732003078
0.0451256381994
0.044540203825
0.00333500832259
0.0400919141945
0.0414844485396
0.0086001059258
0.0546314462179
0.0545057514606
0.0269127808643
0.0383890550294
0.031184528842
0.0462995910262
0.0529152463553
0.0500740888143
0.0498712792769
0.0483756587207
0.0517554730573
0.00311977761955
0.00921821298811
0.0114823703285
0.00885066643385
0.0100822518277