pos_color.jpg
[599.51862, 387.88733;
  715.74231, 377.93866;
  661.05371, 442.20972;
  623.80688, 501.4454;
  708.30164, 497.15057]
pos_depthIR.jpg
[632.64221, 387.05206;
  766.02307, 377.16833;
  704.17865, 452.35312;
  658.81445, 528.0799;
  757.45276, 519.92639]
score: 0.998501

neg1_color.jpg
[566.36108, 357.43835;
  707.05042, 351.79523;
  640.55176, 418.79572;
  582.98523, 509.86502;
  694.02942, 513.2608]
neg1_depthIR.jpg
[572.34363, 362.1254;
  741.41095, 354.26059;
  664.5033, 442.99078;
  595.42279, 545.7157;
  732.08582, 545.40649]
score: 0.003734

neg2_color.jpg
[572.35236, 305.14233;
  731.88208, 299.36389;
  660.07715, 407.44812;
  603.38257, 498.61505;
  737.80145, 494.67035]
neg2_depthIR.jpg
[575.22827, 304.02432;
  768.84387, 289.61624;
  693.4859, 425.00229;
  619.9259, 534.29974;
  771.15161, 523.9054]
score: 0.002598